!  "KTB-VB, temp. log, date logged: 07.11.88, VB-251"
!
!   "R1    UNAL  Remark Line 1                                                  GEBOHRT BIS 00:30 2/11"
!   "R2    UNAL  Remark Line 2                                                  KEINE GEOC. DATENREGISTRIERUNG"
!   "R3    UNAL  Remark Line 3                                                  TEMP/DF SONDE,EICHDATUM:19/10/88"
!   "R4    UNAL  Remark Line 4"
!   "R5    UNAL  Remark Line 5                                                  BEI 3425 M AUFGESTANDEN"
!   "R6    UNAL  Remark Line 6"
!   "R7    UNAL  Remark Line 7"
!   "R8    UNAL  Remark Line 8"
!   "HIDE  UNAL  Header Identifier                                              KTB-OPF-VB1A *TEMP/DF-GR-AMS* 7/11/88"
!   "WN    UNAL  Well Name                                                      KTB-OPF-VB1A"
!   "FL    UNAL  Field Location                                                 NAABDEMENREUTH"
!   "FL1   UNAL  WSD Field Location 1                                           WINDISCHESCHENBACH"
!   "WITN  UNAL  Witness's Name"
!   "DFT   UNAL  Drilling Fluid Type                                            DEHYDRIL"
!   "CN    UNAL  Company Name                                                   NIEDERSAECHSISCHES LANDESAMT F. BODENFORSCHUNG"
!   "FN    UNAL  Field Name                                                     OBERPFALZ"
!   "LUL   UNAL  Logging Unit Location                                          KTB"
!   "ENGI  UNAL  Engineer's Name                                                KUEHR"
!   "MFSS  UNAL  Mud Filtrate Sample Source                                     PRESSE"
!   "MCSS  UNAL  Mud Cake Sample Source                                         PRESSE"
!   "TLAB  UNAL  Time Logger At Bottom"
!   "TCS   UNAL  Time Circulation Stopped                                       11:00 29/10"
!   "DATE  UNAL  Date as month-day-year                                         7-11-88"
!   "LONG  UNAL  Longitude                                                      RW:45 08 590"
!   "LATI  UNAL  Latitude                                                       HW:55 19 865"
!   "STAT  UNAL  State or Province                                              BAYERN"
!   "COUN  UNAL  County                                                         NEUSTADT/WN"
!   "DMF   UNAL  Drilling Mearured From                                         ACKERSOHLE"
!   "LMF   UNAL  Log Measured From                                              ACKERSOHLE"
!   "PDAT  UNAL  Permanent Datum                                                ACKERSOHLE"
!
!  "accuracy temperature sensors: absolute = 0.05 deg C; relative = 0.01 deg C"
!
!  SEPARATOR   BLANK
! "no. title                                           unit"
!
!   1 "DEPT   depth" F   m
!   2 "TMP1   temp. sensor 1" F   degC
!   3 "TMP2   temp. sensor 2, 1140 mm above sensor 1" F   degC
!   4 "GR     natural gamma activity" F   API
!   5 "HTEN   head tension, pulling force" F   lbf(pounds)
!   6 "MRES   mud resistivity" F   ohmm
!
3268.218 95.374 94.442 86.063 274.45 1.751
3268.3704 95.374 94.442 86.063 273.07 1.7544
3268.5229 95.374 94.442 86.063 274.75 1.8111
3268.6753 95.374 94.442 86.063 275.54 1.8985
3268.8276 95.374 94.442 86.063 274.4 1.9132
3268.98 95.374 94.442 86.063 274.32 1.9095
3269.1323 95.374 94.442 86.063 274.24 1.9507
3269.2849 95.374 94.442 86.063 275.25 1.9476
3269.4373 95.374 94.442 86.063 274.87 1.8857
3269.5896 95.374 94.442 86.063 273.23 1.8844
3269.7419 95.374 94.442 86.063 271.24 1.8839
3269.8945 95.374 94.442 86.063 270.33 1.8341
3270.0469 95.374 94.442 86.063 270.76 1.8095
3270.1992 95.374 94.442 86.063 271.36 1.8282
3270.3516 95.374 94.442 86.063 271.59 1.8641
3270.5042 95.374 94.442 86.063 271.38 1.8928
3270.6565 95.374 94.442 86.063 272.63 1.9419
3270.8088 95.374 94.442 86.063 274.92 2.0689
3270.9612 95.374 94.442 86.445 274.72 2.2159
3271.1135 95.374 94.442 87.867 275.26 2.2527
3271.2661 95.374 94.442 89.721 276.19 2.2512
3271.4185 95.374 94.442 90.316 275.46 2.2394
3271.5708 95.374 94.442 89.098 274.89 2.1838
3271.7231 95.374 94.442 87.254 275.35 2.1818
3271.8757 95.374 94.442 85.854 275.51 2.0947
3272.0281 95.374 94.442 84.803 274.29 2.0273
3272.1804 95.374 94.442 86.066 272.87 1.9554
3272.3328 95.374 94.442 90.609 272.75 1.9357
3272.4854 95.374 94.442 96.883 272.65 1.985
3272.6377 95.374 94.442 101.37 272.57 1.9161
3272.79 95.374 94.442 102.84 272.37 1.8919
3272.9424 95.374 94.442 102.86 271.85 1.9633
3273.0947 95.374 94.442 100.29 271.91 1.9475
3273.2473 95.374 94.442 97.262 273.21 1.9329
3273.3997 95.374 94.442 93.275 273.92 1.975
3273.552 95.374 94.442 92.391 273.75 1.9065
3273.7043 95.374 94.442 95.973 274.1 1.7972
3273.8569 95.374 94.442 102.36 274.53 1.7624
3274.0093 95.374 94.442 107.73 273.89 1.7878
3274.1616 95.374 94.442 110.53 273.62 1.8276
3274.314 95.374 94.442 113.08 273.3 1.8133
3274.4666 95.374 94.442 116.03 273.86 1.758
3274.6189 95.374 94.442 115.99 274.15 1.8407
3274.7712 95.374 94.442 112.99 273.62 2.1603
3274.9236 95.374 94.442 111.05 273.1 2.5232
3275.0759 95.374 94.442 109.96 273.2 2.5372
3275.2285 95.374 94.442 109.31 273.69 2.4154
3275.3809 95.374 94.442 111.09 273.42 2.3813
3275.5332 95.374 94.442 115.77 272.41 2.3949
3275.6855 95.374 94.442 119.72 272.6 2.4316
3275.8381 95.374 94.442 120.72 273.75 2.4115
3275.9905 95.374 94.442 121.93 273.5 2.4619
3276.1428 95.374 94.442 124.67 271.46 2.5314
3276.2952 95.374 94.442 123.01 271.31 2.4009
3276.4478 95.374 94.442 118.99 272.16 2.2867
3276.6001 95.374 94.442 116.04 272.01 2.2097
3276.7524 95.374 94.442 114.9 271.4 2.2554
3276.9048 95.374 94.442 113.16 271.67 2.3848
3277.0571 95.374 94.442 109.88 271.99 2.4268
3277.2097 95.374 94.442 106.32 272.94 2.4536
3277.3621 95.374 94.446 100.73 273.68 2.5125
3277.5144 95.374 94.452 93.891 272.45 2.6116
3277.6667 95.374 94.453 89.801 271.99 2.5951
3277.8193 95.374 94.456 91.615 272.13 2.4409
3277.9717 95.374 94.454 97.455 272.55 2.3657
3278.124 95.374 94.448 103.08 272.62 2.414
3278.2764 95.374 94.454 105.79 273.38 2.4689
3278.429 95.374 94.461 103.98 273.42 2.4075
3278.5813 95.372 94.461 98.804 273.15 2.3627
3278.7336 95.372 94.46 94.371 273.49 2.3791
3278.886 95.374 94.462 96.23 273 2.4591
3279.0383 95.369 94.463 104.73 273.28 2.3545
3279.1909 95.366 94.467 114.33 273.99 2.1746
3279.3433 95.367 94.473 119.94 274.15 2.1488
3279.4956 95.367 94.474 120.51 274.32 2.1162
3279.6479 95.365 94.48 116.42 275.01 2.0847
3279.8005 95.371 94.486 114.45 275.82 2.0558
3279.9529 95.373 94.496 113.13 275.72 2.0411
3280.1052 95.376 94.505 114.97 274.85 2.0629
3280.2576 95.372 94.507 115.64 275.76 2.1111
3280.4102 95.37 94.514 115.53 276.22 2.136
3280.5625 95.317 94.515 113.19 275.05 2.1208
3280.7148 95.236 94.515 107.66 274.35 2.1701
3280.8672 95.218 94.521 100.22 274.28 2.191
3281.0195 95.251 94.516 92.156 274.46 2.2103
3281.1721 95.346 94.513 87.142 273.74 2.2293
3281.3245 95.393 94.51 87.303 273.51 2.2189
3281.4768 95.376 94.509 91.738 272.42 2.1932
3281.6292 95.402 94.517 99.602 272.42 2.1572
3281.7817 95.427 94.52 109.07 272.88 2.1497
3281.9341 95.425 94.523 116.66 272.28 2.1212
3282.0864 95.424 94.525 120.46 272.87 2.1173
3282.2388 95.414 94.525 119.17 272.72 2.131
3282.3914 95.409 94.522 112.78 272.01 2.1713
3282.5437 95.416 94.52 103.56 272.86 2.2678
3282.696 95.392 94.525 95.896 273.87 2.2651
3282.8484 95.377 94.532 96.559 273.35 2.1855
3283.0007 95.384 94.532 101.42 272.75 2.2219
3283.1533 95.418 94.532 105.83 270.97 2.2692
3283.3057 95.459 94.542 108.1 271.6 2.292
3283.458 95.471 94.554 110.07 273.04 2.2542
3283.6104 95.434 94.554 114.02 271.65 2.1493
3283.7629 95.368 94.551 116.33 273.03 2.0908
3283.9153 95.403 94.553 113.93 275.36 2.0978
3284.0676 95.455 94.557 110.48 276.28 2.0105
3284.22 95.45 94.567 109.44 276.59 2.1279
3284.3726 95.435 94.574 111.11 276.74 2.3536
3284.5249 95.432 94.585 110.71 276.55 2.3566
3284.6772 95.449 94.593 105.87 275.24 2.4655
3284.8296 95.444 94.596 101.89 274.73 2.4302
3284.9819 95.419 94.602 102.39 274.53 2.1812
3285.1345 95.433 94.609 107.1 274.57 2.0398
3285.2869 95.499 94.61 112.76 275.16 1.8847
3285.4392 95.511 94.612 117.68 276.32 1.8331
3285.5916 95.514 94.606 119.24 276.88 1.9393
3285.7441 95.506 94.607 119.59 275.8 2.0603
3285.8965 95.509 94.611 118.8 274.51 2.0307
3286.0488 95.506 94.616 119.9 273.15 1.9953
3286.2012 95.512 94.625 120.84 272.7 2.0435
3286.3538 95.533 94.633 120.93 273.24 2.0965
3286.5061 95.523 94.64 119.85 274.37 2.1468
3286.6584 95.493 94.647 117.03 274.7 2.0547
3286.8108 95.42 94.65 114.68 275.36 2.0225
3286.9631 95.378 94.647 114.34 274.77 2.1523
3287.1157 95.421 94.649 115.54 273.15 2.2359
3287.2681 95.487 94.66 114.7 273.2 2.1834
3287.4204 95.517 94.661 111.45 274.49 2.0786
3287.5728 95.516 94.661 110.62 275.35 2.0014
3287.7253 95.539 94.668 112.68 275.26 1.9713
3287.8777 95.556 94.671 114.54 275.14 1.962
3288.03 95.552 94.677 114.01 273.7 1.9117
3288.1824 95.537 94.676 112.91 273.27 1.8693
3288.335 95.534 94.67 113.51 273.74 1.8922
3288.4873 95.555 94.675 115.32 273.15 1.8994
3288.6396 95.56 94.679 116.12 273.6 1.906
3288.792 95.553 94.685 115.77 274.11 1.8911
3288.9443 95.556 94.696 114.73 273.89 1.8999
3289.0969 95.563 94.703 112.21 274.26 2.0321
3289.2493 95.569 94.708 111.85 274.07 2.1084
3289.4016 95.565 94.717 109.94 273.14 2.0295
3289.554 95.564 94.721 107.4 273.15 2.0026
3289.7065 95.563 94.723 106.86 274.66 2.0569
3289.8589 95.565 94.732 109.76 274.59 2.088
3290.0112 95.571 94.738 114.81 274.57 1.9896
3290.1636 95.569 94.737 117.61 275.44 1.918
3290.3162 95.578 94.738 117.91 275.54 1.9148
3290.4685 95.594 94.742 117.81 275.16 1.8951
3290.6208 95.594 94.747 116.67 274.92 1.9329
3290.7732 95.593 94.751 116.33 275.34 1.9985
3290.9255 95.605 94.752 116.49 275.11 2.0596
3291.0781 95.624 94.752 117.22 274.48 2.0842
3291.2305 95.628 94.753 118.2 274.24 2.0654
3291.3828 95.624 94.755 119.47 274.55 2.175
3291.5352 95.626 94.76 120.38 274.29 2.2029
3291.6877 95.632 94.762 118.02 274.69 2.1292
3291.8401 95.63 94.767 112.93 274.3 2.0888
3291.9924 95.631 94.772 108.95 273.15 1.9653
3292.1448 95.632 94.768 109.71 274.35 1.9138
3292.2971 95.633 94.764 112.34 275.29 1.9797
3292.4497 95.637 94.77 114.06 274.72 2.0545
3292.6021 95.636 94.78 114.73 274.49 2.0164
3292.7544 95.636 94.789 116.96 273.84 1.8907
3292.9067 95.64 94.788 119 274.02 1.814
3293.0593 95.637 94.789 118.99 273.89 1.7888
3293.2117 95.639 94.788 117.45 273.88 1.7902
3293.364 95.642 94.783 114.32 273.82 1.8167
3293.5164 95.642 94.778 112.26 273.22 1.825
3293.6689 95.644 94.779 109.13 273.91 1.8254
3293.8213 95.643 94.795 105.85 274.59 1.8545
3293.9736 95.646 94.81 104.53 275.08 1.975
3294.126 95.644 94.814 106.21 275.31 1.9897
3294.2783 95.647 94.823 110.41 275.44 1.9187
3294.4309 95.654 94.829 114.16 275.24 1.9904
3294.5833 95.652 94.838 115.08 274.98 2.0528
3294.7356 95.647 94.846 115.21 275.18 2.0833
3294.8879 95.652 94.847 114.87 275.64 2.0209
3295.0405 95.666 94.853 115.91 276.1 2.008
3295.1929 95.682 94.861 117.35 277.06 1.9993
3295.3452 95.694 94.866 116.28 277.56 1.9004
3295.4976 95.703 94.874 114.49 277.14 1.8157
3295.6501 95.714 94.883 110.93 277.27 1.7567
3295.8025 95.721 94.894 110.22 276.77 1.7565
3295.9548 95.729 94.898 111.49 276.02 1.7786
3296.1072 95.74 94.894 110.95 276.7 1.7794
3296.2595 95.743 94.902 111.06 277.63 1.8022
3296.4121 95.761 94.915 110.6 277.3 1.8656
3296.5645 95.763 94.929 109.52 276.54 1.8704
3296.7168 95.768 94.934 106.98 276 1.7856
3296.8691 95.786 94.938 107.67 276.33 1.7523
3297.0217 95.781 94.949 112.23 276.48 1.7865
3297.1741 95.742 94.963 116.17 275.75 1.8027
3297.3264 95.681 94.971 115.66 275.28 1.804
3297.4788 95.691 94.979 115.12 275.57 1.84
3297.6313 95.749 94.992 114.17 275.04 1.8702
3297.7837 95.794 94.998 113.1 274.52 1.8724
3297.936 95.811 95.003 112.06 274.12 1.9275
3298.0884 95.796 95.017 111.98 274.11 2.0076
3298.2407 95.807 95.027 111.47 274.36 2.0594
3298.3933 95.814 95.03 110.41 274.15 2.0996
3298.5457 95.793 95.036 109.28 274.92 2.1415
3298.698 95.797 95.042 110 275.04 2.1166
3298.8503 95.803 95.048 109.16 275.02 2.0366
3299.0029 95.808 95.053 105.88 275.47 1.9561
3299.1553 95.837 95.061 100.92 274.6 1.9603
3299.3076 95.848 95.066 97.95 273.93 2.0649
3299.46 95.855 95.069 96.781 274.26 2.1016
3299.6125 95.859 95.077 99.464 275.12 2.0535
3299.7649 95.865 95.086 104.64 275.8 1.9916
3299.9172 95.874 95.089 108.88 275.26 1.99
3300.0696 95.883 95.09 108.16 274.75 1.9483
3300.2219 95.882 95.091 106.63 274.85 1.9989
3300.3745 95.879 95.099 107.9 275.28 1.9991
3300.5269 95.871 95.112 108.73 275.26 1.8966
3300.6792 95.866 95.119 107.61 275.75 1.8818
3300.8315 95.89 95.125 105.77 277.24 1.8865
3300.9841 95.893 95.136 105.34 277.9 1.8926
3301.1365 95.893 95.147 104.67 277.21 1.9385
3301.2888 95.884 95.153 103.81 275.97 2.0771
3301.4412 95.879 95.158 105.88 276.55 2.125
3301.5938 95.911 95.163 107.81 276.61 2.0294
3301.7461 95.916 95.165 108.33 276.76 1.9984
3301.8984 95.918 95.168 106.48 277.17 2.0976
3302.0508 95.929 95.174 103.91 276.64 2.1077
3302.2031 95.936 95.183 105.27 276.33 1.9894
3302.3557 95.94 95.186 108.38 276.89 1.9806
3302.5081 95.945 95.188 112.08 276.67 1.9581
3302.6604 95.946 95.19 113.25 276.67 2.0153
3302.8127 95.948 95.192 114.71 277.53 2.0367
3302.9653 95.953 95.197 117.47 277.79 2.0437
3303.1177 95.954 95.205 119.5 277.49 2.0302
3303.27 95.962 95.207 118.65 276.8 2.0198
3303.4224 95.963 95.212 117.4 277.2 1.9599
3303.575 95.962 95.222 118.18 276.73 1.8712
3303.7273 95.948 95.233 121.52 276.88 1.8362
3303.8796 95.923 95.235 123.06 277.02 1.8026
3304.032 95.946 95.237 119.33 276.18 1.7592
3304.1843 95.978 95.243 114.54 275.71 1.7246
3304.3369 95.974 95.256 111.56 275.74 1.7924
3304.4893 95.963 95.271 112.7 276.65 1.8519
3304.6416 95.957 95.273 114.07 276.89 1.8396
3304.7939 95.962 95.274 112.57 276.68 1.8955
3304.9465 95.97 95.28 109.43 276.26 1.8951
3305.0989 95.969 95.288 107.26 275.83 1.8625
3305.2512 95.97 95.294 109.83 276.5 1.8382
3305.4036 95.981 95.304 111.51 275.97 1.8143
3305.5562 95.997 95.306 112.96 275.26 1.8454
3305.7085 96.011 95.31 113.96 275.4 1.8504
3305.8608 96.014 95.32 115.53 275.62 1.8494
3306.0132 96.024 95.323 114.47 275.23 1.8752
3306.1655 96.027 95.327 110.57 275.33 1.9359
3306.3181 96.023 95.336 107.35 274.96 1.9191
3306.4705 96.028 95.335 108 274.41 1.8929
3306.6228 96.037 95.332 109.34 274.34 1.8824
3306.7751 96.046 95.333 109.47 274.28 1.8641
3306.9277 96.059 95.337 108.96 274.44 1.8594
3307.0801 96.066 95.351 110.85 274.01 1.8759
3307.2324 96.069 95.367 115.48 274.43 1.9221
3307.3848 96.074 95.371 119.05 274.76 2.0081
3307.5374 96.073 95.377 121.01 273.85 2.0449
3307.6897 96.073 95.38 120.18 274.46 2.0291
3307.842 96.075 95.379 115.42 275.13 2.0154
3307.9944 96.077 95.379 111.45 274.9 1.9849
3308.1467 96.075 95.384 109.58 274.27 1.9811
3308.2993 96.078 95.39 112.06 273.52 2.0013
3308.4517 96.088 95.398 115.69 273.6 2.0092
3308.604 96.091 95.408 118.2 273.75 2.0135
3308.7563 96.092 95.411 117.23 273.67 1.9918
3308.9089 96.093 95.415 112.43 274.3 1.9417
3309.0613 96.093 95.416 109.57 274.87 1.9331
3309.2136 96.091 95.414 110.13 274.62 1.9319
3309.366 96.087 95.419 111.32 275.04 1.938
3309.5186 96.09 95.428 110.3 275.18 1.9611
3309.6709 96.099 95.433 107.17 275.15 1.9203
3309.8232 96.1 95.437 105.82 276.82 1.8995
3309.9756 96.102 95.441 106.66 278.68 1.9445
3310.1279 96.109 95.449 108.26 279.15 1.9312
3310.2805 96.113 95.448 108.21 278.26 1.9632
3310.4329 96.106 95.448 106.84 277.71 1.9841
3310.5852 96.109 95.454 105.15 277.69 1.9452
3310.7375 96.12 95.456 103.05 277.78 1.9362
3310.8901 96.12 95.458 103 277.77 1.9526
3311.0425 96.123 95.463 104.62 278.05 2.0112
3311.1948 96.129 95.467 107.63 276.8 2.0194
3311.3472 96.13 95.469 107.37 275.62 1.9691
3311.4998 96.13 95.463 104.44 276.95 1.9615
3311.6521 96.116 95.463 101.39 277.27 1.9423
3311.8044 96.119 95.467 99.487 276.02 1.9235
3311.9568 96.141 95.463 99.898 275.25 1.9283
3312.1091 96.156 95.462 102.3 275.35 1.9446
3312.2617 96.165 95.466 104.84 275.18 1.9529
3312.4141 96.173 95.469 106.37 274.39 1.8928
3312.5664 96.179 95.468 107.44 273.77 1.8215
3312.7188 96.174 95.469 110.63 274.05 1.8208
3312.8713 96.178 95.47 114.62 274.36 1.8125
3313.0237 96.194 95.473 117.52 273.6 1.7973
3313.176 96.202 95.478 116.81 273.16 1.7833
3313.3284 96.214 95.476 114.92 273.02 1.7639
3313.481 96.22 95.477 114.11 273.2 1.7351
3313.6333 96.221 95.478 114.76 274.71 1.7264
3313.7856 96.222 95.48 113.26 275.48 1.7249
3313.938 96.222 95.48 108.25 275.98 1.7543
3314.0903 96.22 95.478 103.7 276.63 1.8016
3314.2429 96.226 95.479 101.63 277.23 1.8095
3314.3953 96.229 95.479 102.78 277.8 1.7969
3314.5476 96.214 95.485 103.2 276.24 1.7886
3314.7 96.17 95.49 105.05 274.76 1.7825
3314.8525 96.177 95.5 108.54 275.83 1.788
3315.0049 96.25 95.512 111.77 277.56 1.7957
3315.1572 96.242 95.518 111.72 277.35 1.8238
3315.3096 96.211 95.52 108.77 275.24 1.8475
3315.4622 96.207 95.521 107.57 273.93 1.8267
3315.6145 96.208 95.52 108.91 273.82 1.8137
3315.7668 96.222 95.523 110.79 275.14 1.8034
3315.9192 96.242 95.525 110.83 276.17 1.7751
3316.0715 96.254 95.525 108.17 275.36 1.7359
3316.2241 96.256 95.531 104.73 274.23 1.7446
3316.3765 96.221 95.542 103.53 273.7 1.7494
3316.5288 96.222 95.548 104.66 273.29 1.7566
3316.6812 96.279 95.553 104.73 274.12 1.7575
3316.8337 96.287 95.555 104.68 274.42 1.7992
3316.9861 96.302 95.558 104.57 275.56 1.8532
3317.1384 96.316 95.564 104.8 278.1 1.8451
3317.2908 96.334 95.563 102.36 277.53 1.8322
3317.4434 96.355 95.573 97.341 277.03 1.839
3317.5957 96.383 95.582 93.663 276.94 1.8576
3317.748 96.375 95.585 92.122 276.47 1.8565
3317.9004 96.396 95.589 92.766 276.55 1.8469
3318.0527 96.465 95.593 93.242 276.3 1.8118
3318.2053 96.486 95.602 93.038 276.52 1.7684
3318.3577 96.506 95.616 93.099 275.99 1.7569
3318.51 96.522 95.632 94.418 274.65 1.7618
3318.6624 96.549 95.641 96.449 274.38 1.847
3318.8149 96.546 95.64 96.323 275.12 1.9121
3318.9673 96.518 95.642 93.951 275.35 1.8927
3319.1196 96.534 95.658 93.962 276.18 1.8747
3319.272 96.591 95.67 96.625 276.88 1.852
3319.4246 96.627 95.677 100.03 276.42 1.8971
3319.5769 96.653 95.687 100.32 275.66 1.8959
3319.7292 96.672 95.697 98.539 275.22 1.9299
3319.8816 96.691 95.704 96.137 275.68 1.9396
3320.0339 96.7 95.713 92.898 275.64 1.9429
3320.1865 96.71 95.722 93.717 275.81 1.9499
3320.3389 96.727 95.731 96.928 275.17 1.8261
3320.4912 96.742 95.746 98.984 273.08 1.8186
3320.6436 96.756 95.755 97.363 272.57 1.8299
3320.7961 96.774 95.762 95.336 272.8 1.8505
3320.9485 96.797 95.774 99.197 272.95 1.8687
3321.1008 96.805 95.785 103.47 272.49 1.9123
3321.2532 96.809 95.793 103.7 272.2 1.7483
3321.4058 96.829 95.804 101.05 271.69 1.3834
3321.5581 96.841 95.813 97.651 271.86 1.3359
3321.7104 96.852 95.814 95.879 272.1 1.4253
3321.8628 96.841 95.819 96.016 272.19 1.2986
3322.0151 96.828 95.833 97.625 272.78 1.1625
3322.1677 96.841 95.849 100.51 272.14 1.2896
3322.3201 96.851 95.857 98.956 272.27 1.2689
3322.4724 96.85 95.86 96.348 272.07 1.1201
3322.6248 96.867 95.868 96.738 272.51 1.0905
3322.7773 96.889 95.887 100.13 272.21 1.0661
3322.9297 96.894 95.905 104.69 271.07 1.044
3323.082 96.873 95.917 104.66 271.78 1.0761
3323.2344 96.898 95.92 103.18 272.04 1.0836
3323.387 96.931 95.927 102.41 272.04 1.0892
3323.5393 96.896 95.943 102.91 272.01 1.0855
3323.6917 96.902 95.952 102.35 272.14 1.0785
3323.844 96.975 95.968 102.71 272.42 1.069
3323.9963 97.045 95.983 102.13 272.5 1.0631
3324.1489 97.06 95.992 100.09 271.97 1.061
3324.3013 97.074 96.003 95.672 271.66 1.0813
3324.4536 97.08 96.013 94.508 272.26 1.1067
3324.606 97.084 96.029 96.672 272.4 1.115
3324.7585 97.092 96.045 97.595 271.18 1.118
3324.9109 97.097 96.058 97.546 270.53 1.1196
3325.0632 97.108 96.067 99.29 271.81 1.1223
3325.2156 97.127 96.077 101.38 271.66 1.125
3325.3679 97.137 96.09 100.31 270.96 1.1276
3325.5205 97.152 96.102 98.114 271.59 1.1394
3325.6729 97.157 96.114 97.735 273.02 1.1547
3325.8252 97.16 96.124 100.44 273.34 1.1473
3325.9775 97.167 96.134 102.08 272.81 1.1347
3326.1301 97.18 96.146 102.46 273.4 1.1495
3326.2825 97.186 96.163 99.207 274.61 1.1518
3326.4348 97.195 96.176 96.861 275.16 1.1395
3326.5872 97.214 96.19 96.738 275.39 1.1393
3326.7397 97.221 96.204 98.25 274.56 1.1446
3326.8921 97.228 96.209 98.662 274.31 1.3218
3327.0444 97.235 96.21 97.571 274.17 1.5345
3327.1968 97.239 96.218 95.91 274.81 1.5317
3327.3491 97.241 96.23 94.66 275.01 1.5305
3327.5017 97.244 96.242 93.83 275.17 1.5167
3327.6541 97.252 96.248 96.647 274.74 1.4913
3327.8064 97.266 96.251 100.31 274.45 1.4835
3327.9587 97.272 96.255 103.63 274.38 1.4908
3328.1113 97.27 96.259 102.61 274.33 1.4924
3328.2637 97.271 96.264 98.448 274.48 1.493
3328.416 97.271 96.273 93.023 274.05 1.4885
3328.5684 97.275 96.282 88.965 273.77 1.4833
3328.7209 97.302 96.286 86.105 273.8 1.4778
3328.8733 97.323 96.286 84.069 273.36 1.4812
3329.0256 97.327 96.294 84.698 272.88 1.4909
3329.178 97.335 96.309 88.145 272.55 1.5052
3329.3303 97.337 96.324 91.293 272.59 1.505
3329.4829 97.338 96.338 92.093 273.68 1.4906
3329.6353 97.328 96.346 91.621 273.98 1.494
3329.7876 97.308 96.348 91.813 274.21 1.4985
3329.9399 97.277 96.357 91.5 275.3 1.5065
3330.0925 97.255 96.375 89.167 274.54 1.5285
3330.2449 97.249 96.384 87.241 273.9 1.5697
3330.3972 97.266 96.384 86.558 273.69 1.5557
3330.5496 97.306 96.385 86.504 273.44 1.5187
3330.7021 97.322 96.398 86.805 273.74 1.4944
3330.8545 97.321 96.407 86.738 273.72 1.4738
3331.0068 97.339 96.41 85.439 273.21 1.4695
3331.1592 97.364 96.417 82.25 273.61 1.4514
3331.3115 97.367 96.422 79.59 273.72 1.4567
3331.4641 97.368 96.43 80.654 273.71 1.4591
3331.6165 97.372 96.438 83.345 274.56 1.4649
3331.7688 97.381 96.452 84.406 274.11 1.4929
3331.9211 97.392 96.474 84.086 273.41 1.5039
3332.0737 97.406 96.486 82.736 273.57 1.4735
3332.2261 97.428 96.495 82.576 274.75 1.4652
3332.3784 97.388 96.502 83.669 275.91 1.4752
3332.5308 97.32 96.51 84.727 275.57 1.4729
3332.6833 97.313 96.522 84.759 275.86 1.4741
3332.8357 97.32 96.535 82.358 275.73 1.4669
3332.988 97.35 96.555 79.76 275.43 1.4667
3333.1404 97.405 96.574 78.512 275.44 1.4901
3333.2927 97.416 96.579 79.301 275.66 1.4957
3333.4453 97.419 96.582 82.13 276.08 1.4964
3333.5977 97.461 96.583 85.046 277.51 1.5019
3333.75 97.487 96.593 87.445 278.22 1.503
3333.9023 97.458 96.602 89.32 278.26 1.4955
3334.0549 97.486 96.61 90.155 277.72 1.4772
3334.2073 97.541 96.624 89.436 277.37 1.458
3334.3596 97.567 96.642 87.204 276.93 1.4576
3334.512 97.574 96.645 84.406 276.52 1.4575
3334.6646 97.56 96.647 83.014 275.84 1.4572
3334.8169 97.536 96.659 83.218 275.22 1.4766
3334.9692 97.54 96.673 85.8 275.23 1.532
3335.1216 97.574 96.69 88.09 275.39 1.5668
3335.2739 97.575 96.702 88.551 276.22 1.5622
3335.4265 97.586 96.709 88.512 275.76 1.5198
3335.5789 97.613 96.721 89.811 275 1.4652
3335.7312 97.619 96.728 93.492 274.65 1.4619
3335.8835 97.601 96.726 97.277 275.14 1.4628
3336.0361 97.595 96.726 98.767 274.97 1.4639
3336.1885 97.649 96.73 98.584 274.85 1.463
3336.3408 97.686 96.732 97.539 275.47 1.4619
3336.4932 97.695 96.74 95.383 275.65 1.4611
3336.6458 97.702 96.748 91.416 274.96 1.4617
3336.7981 97.709 96.751 88.27 274.68 1.463
3336.9504 97.714 96.755 86.581 274.26 1.4611
3337.1028 97.731 96.761 85.305 273.63 1.4608
3337.2551 97.738 96.772 84.66 274.55 1.4606
3337.4077 97.734 96.782 85.489 275.67 1.4603
3337.5601 97.739 96.789 88.834 276.24 1.4619
3337.7124 97.745 96.796 93.363 275.82 1.4743
3337.8647 97.749 96.799 96.008 275.82 1.4847
3338.0173 97.758 96.8 97.364 276.15 1.4724
3338.1697 97.757 96.811 96.093 276.01 1.5091
3338.322 97.747 96.826 96.004 275.75 1.5709
3338.4744 97.759 96.836 96.742 274.95 1.5795
3338.627 97.786 96.84 97.046 274.52 1.5801
3338.7793 97.778 96.852 96.872 275.19 1.5822
3338.9316 97.783 96.867 96.311 274.96 1.6077
3339.084 97.813 96.877 94.914 274.93 1.6265
3339.2363 97.833 96.897 93.277 275.16 1.6317
3339.3889 97.835 96.919 90.719 275.69 1.6681
3339.5413 97.837 96.936 90.193 276.21 1.6644
3339.6936 97.841 96.952 90.453 276.41 1.64
3339.8459 97.842 96.977 90.543 277.67 1.5873
3339.9985 97.854 96.992 90.684 277.95 1.5176
3340.1509 97.865 97.006 88.876 276.26 1.5163
3340.3032 97.872 97.016 87.644 275.85 1.5087
3340.4556 97.871 97.02 86.23 276.18 1.4899
3340.6082 97.872 97.028 86.537 275.33 1.47
3340.7605 97.869 97.042 89.268 274.42 1.4633
3340.9128 97.873 97.059 90.414 275.56 1.4643
3341.0652 97.893 97.075 89.176 275.91 1.4636
3341.2175 97.9 97.079 86.82 275.42 1.4619
3341.3701 97.905 97.084 86.242 275.19 1.4658
3341.5225 97.907 97.098 86.395 274.71 1.4698
3341.6748 97.909 97.115 86.09 273.57 1.4602
3341.8271 97.908 97.128 85.535 272.72 1.4548
3341.9797 97.918 97.136 86.104 273.05 1.4834
3342.1321 97.931 97.148 88.275 273.84 1.5643
3342.2844 97.935 97.157 89.871 273.74 1.6427
3342.4368 97.935 97.161 89.625 273.26 1.6228
3342.5894 97.94 97.156 88.417 273.34 1.5742
3342.7417 97.946 97.153 88.686 273.03 1.5573
3342.894 97.957 97.154 91.164 273.7 1.5289
3343.0464 97.965 97.16 93.098 273.97 1.4896
3343.1987 97.968 97.167 96.051 272.96 1.4781
3343.3513 97.976 97.173 99.497 273.12 1.5134
3343.5037 97.979 97.185 102.77 274.85 1.5109
3343.656 97.935 97.199 101.54 274.73 1.4663
3343.8083 97.858 97.21 98.008 273.12 1.4619
3343.9609 97.835 97.218 93.959 273.65 1.4632
3344.1133 97.839 97.218 90.652 274.73 1.488
3344.2656 97.851 97.225 88.264 275.21 1.5433
3344.418 97.862 97.243 87.191 276.08 1.5873
3344.5706 97.864 97.261 89.139 275 1.6625
3344.7229 97.866 97.268 94.551 274.26 1.7012
3344.8752 97.869 97.274 100.77 274.69 1.6505
3345.0276 97.891 97.286 102.34 273.72 1.6503
3345.1799 97.936 97.299 98.75 274.36 1.6227
3345.3325 97.957 97.299 94.373 274.51 1.5816
3345.4849 97.968 97.304 93.224 273.03 1.5779
3345.6372 98.026 97.317 92.754 272.46 1.5976
3345.7896 98.048 97.331 90.723 273.17 1.627
3345.9421 98.058 97.34 90.194 274.79 1.6323
3346.0945 98.051 97.34 90.386 275.36 1.6532
3346.2468 98.045 97.348 92.588 275.85 1.6967
3346.3992 98.077 97.362 94.008 275.78 1.7306
3346.5518 98.087 97.369 94.431 274.92 1.728
3346.7041 98.088 97.382 94.431 274.4 1.6568
3346.8564 98.094 97.396 94.776 274.98 1.6396
3347.0088 98.175 97.397 96.879 274.89 1.6865
3347.1611 98.218 97.4 98.508 275.78 1.7369
3347.3137 98.165 97.414 98.382 277.89 1.6851
3347.4661 98.201 97.425 96.793 277.48 1.5483
3347.6184 98.262 97.428 94.391 275.92 1.5296
3347.7708 98.343 97.425 91.766 275.44 1.5455
3347.9233 98.371 97.425 93.203 276.64 1.5761
3348.0757 98.325 97.429 96.696 278.03 1.572
3348.228 98.307 97.435 99.884 277.46 1.5594
3348.3804 98.328 97.441 98.105 276.94 1.5424
3348.533 98.381 97.45 93.953 277.27 1.556
3348.6853 98.426 97.453 91.716 276.76 1.5764
3348.8376 98.428 97.454 92.464 276.71 1.5507
3348.99 98.365 97.453 95.977 277.2 1.5509
3349.1423 98.381 97.467 99.789 277.67 1.5981
3349.2949 98.436 97.484 102.52 277.46 1.6381
3349.4473 98.384 97.495 102.46 275.94 1.6438
3349.5996 98.334 97.5 100.98 274.76 1.5919
3349.752 98.38 97.498 99.914 275.01 1.5106
3349.9045 98.416 97.502 102.43 274.68 1.5441
3350.0569 98.389 97.513 107.95 274.42 1.6117
3350.2092 98.417 97.515 114.02 274.18 1.6309
3350.3616 98.466 97.522 119.23 274.65 1.6163
3350.5142 98.411 97.526 122.69 274.51 1.6075
3350.6665 98.408 97.528 124.16 274.24 1.6253
3350.8188 98.437 97.533 122.64 274.04 1.6314
3350.9712 98.422 97.544 119.89 273.98 1.6407
3351.1235 98.433 97.552 117.34 272.58 1.6409
3351.2761 98.465 97.554 112.93 271.27 1.5954
3351.4285 98.511 97.562 105.58 272 1.5568
3351.5808 98.542 97.573 100.37 273.07 1.5561
3351.7332 98.546 97.581 99.395 273.17 1.5579
3351.8857 98.503 97.587 101.34 273.19 1.584
3352.0381 98.465 97.591 103.58 273.29 1.5934
3352.1904 98.508 97.578 103.38 273.37 1.562
3352.3428 98.523 97.569 101.02 273.14 1.5696
3352.4954 98.508 97.585 96.251 272.16 1.5871
3352.6477 98.512 97.594 93.389 273.41 1.6053
3352.8 98.538 97.592 91.756 274.47 1.6169
3352.9524 98.561 97.599 91.219 274.03 1.559
3353.1047 98.601 97.604 92.363 273.88 1.51
3353.2573 98.598 97.605 94.205 273.63 1.5228
3353.4097 98.584 97.609 95.652 273.25 1.526
3353.562 98.591 97.607 93.047 274.02 1.5521
3353.7144 98.607 97.614 90.594 273.97 1.5978
3353.8669 98.615 97.625 90.601 273.73 1.6252
3354.0193 98.621 97.632 91.403 273.67 1.593
3354.1716 98.62 97.633 93.861 273.91 1.5551
3354.324 98.625 97.63 95.617 274.73 1.5552
3354.4766 98.625 97.627 97.32 274.65 1.5508
3354.6289 98.629 97.629 98.688 274.19 1.5416
3354.7813 98.63 97.643 98.277 274.24 1.5314
3354.9336 98.629 97.653 98.598 274.93 1.5203
3355.0859 98.63 97.663 99.223 275.41 1.5158
3355.2385 98.629 97.662 100.33 275.04 1.5271
3355.3909 98.634 97.663 100.66 274.6 1.5407
3355.5432 98.634 97.67 98.395 274.75 1.5405
3355.6956 98.596 97.668 97.215 274.83 1.5045
3355.8481 98.59 97.669 95.974 275.18 1.4639
3356.0005 98.66 97.679 96.39 274.61 1.4647
3356.1528 98.685 97.685 96.935 274.61 1.4684
3356.3052 98.691 97.69 97.047 275.54 1.47
3356.4575 98.683 97.697 96.035 274.59 1.4964
3356.6101 98.655 97.698 95.616 274.03 1.5036
3356.7625 98.634 97.695 98.687 274.09 1.4662
3356.9148 98.634 97.698 104.78 274.11 1.4655
3357.0671 98.638 97.704 107.6 274.52 1.4664
3357.2197 98.631 97.705 106.16 274.6 1.4672
3357.3721 98.624 97.713 101.73 273.65 1.4724
3357.5244 98.642 97.72 97.859 272.51 1.5211
3357.6768 98.669 97.724 95.805 273.52 1.5595
3357.8293 98.691 97.726 97.192 273.97 1.5494
3357.9817 98.708 97.723 100.68 273.42 1.548
3358.134 98.737 97.721 103.22 273.23 1.5433
3358.2864 98.752 97.722 100.01 273.68 1.5436
3358.4387 98.747 97.732 95.766 273.84 1.545
3358.5913 98.74 97.744 94.034 273.41 1.554
3358.7437 98.731 97.748 96.203 273.23 1.555
3358.896 98.739 97.749 96.828 273.09 1.5491
3359.0483 98.753 97.755 96.992 272.16 1.5495
3359.2009 98.686 97.764 97.118 272.05 1.592
3359.3533 98.638 97.774 99.009 272.46 1.5863
3359.5056 98.644 97.768 99.856 272.53 1.5415
3359.658 98.644 97.757 99.766 272.59 1.5791
3359.8105 98.644 97.779 101.89 272.13 1.5532
3359.9629 98.66 97.798 107.26 273.38 1.5347
3360.1152 98.738 97.805 110.9 274.21 1.5575
3360.2676 98.814 97.807 109.9 273.39 1.5682
3360.4199 98.828 97.811 104.29 273.77 1.5718
3360.5725 98.842 97.814 101.3 273.65 1.5599
3360.7249 98.823 97.814 101 273.87 1.5104
3360.8772 98.78 97.825 100.68 273.98 1.5126
3361.0295 98.8 97.837 102.37 273.62 1.5167
3361.1821 98.847 97.842 107.37 272.74 1.5113
3361.3345 98.856 97.843 112.11 275.26 1.5089
3361.4868 98.858 97.852 113.62 278.24 1.5118
3361.6392 98.851 97.858 110.29 277.55 1.5107
3361.7917 98.853 97.859 108.28 277.01 1.5125
3361.9441 98.851 97.86 108.71 278.09 1.5224
3362.0964 98.857 97.863 112.23 277.53 1.5044
3362.2488 98.852 97.863 116.03 276.85 1.4705
3362.4011 98.851 97.849 116 276.06 1.4692
3362.5537 98.865 97.829 112.96 274.94 1.4661
3362.7061 98.884 97.831 109.41 275.17 1.4665
3362.8584 98.899 97.835 107.02 276.76 1.4678
3363.0107 98.903 97.834 102.77 275.94 1.47
3363.1633 98.891 97.837 97.335 273.99 1.4673
3363.3157 98.871 97.846 92.219 273.68 1.4694
3363.468 98.866 97.85 89.872 273.23 1.4714
3363.6204 98.862 97.847 90.68 272.73 1.483
3363.7729 98.853 97.839 93.151 273.45 1.4867
3363.9253 98.856 97.811 96.076 272.55 1.4702
3364.0776 98.866 97.781 97.141 271.68 1.4711
3364.23 98.858 97.785 96.168 273.02 1.4695
3364.3823 98.851 97.79 93.801 274.31 1.4681
3364.5349 98.857 97.796 91.828 274.38 1.4693
3364.6873 98.873 97.795 90.497 273.58 1.4726
3364.8396 98.89 97.791 91.387 273.51 1.4737
3364.9919 98.881 97.801 92.809 273.56 1.4705
3365.1445 98.859 97.815 96.02 273.66 1.4735
3365.2969 98.838 97.824 99.933 272.9 1.472
3365.4492 98.846 97.839 102.14 272.46 1.4692
3365.6016 98.857 97.856 103.46 273.32 1.4714
3365.7542 98.857 97.866 104.05 273.63 1.4736
3365.9065 98.857 97.871 103.68 272.68 1.4736
3366.0588 98.857 97.866 99.984 272.79 1.4719
3366.2112 98.861 97.865 95.551 272.91 1.4727
3366.3635 98.862 97.852 95.52 272.38 1.5013
3366.5161 98.861 97.82 100.87 272.35 1.5049
3366.6685 98.894 97.824 108 273.65 1.4709
3366.8208 98.915 97.84 113.13 273.67 1.4728
3366.9731 98.899 97.878 115.56 273.22 1.4725
3367.1257 98.912 97.912 115.52 273 1.4771
3367.2781 98.907 97.926 112.79 272.65 1.4814
3367.4304 98.889 97.94 111.28 273.53 1.4832
3367.5828 98.878 97.941 110.6 274.19 1.4875
3367.7354 98.865 97.95 110.71 273.65 1.4945
3367.8877 98.871 97.954 109.36 273.64 1.5047
3368.04 98.879 97.946 107.98 274.33 1.5232
3368.1924 98.951 97.939 107.59 274.19 1.5724
3368.3447 99.01 97.942 105.27 273.77 1.5866
3368.4973 99.022 97.945 101.65 273.34 1.5271
3368.6497 99.069 97.945 101.04 273.59 1.4899
3368.802 99.079 97.968 101.8 274.54 1.4799
3368.9543 99.079 97.985 102.55 275.67 1.4809
3369.1069 99.079 97.964 104.44 275.69 1.4806
3369.2593 99.075 97.948 108.31 273.95 1.4812
3369.4116 99.074 97.951 110.56 272.29 1.4817
3369.564 99.079 97.971 108.22 272.6 1.4791
3369.7166 99.079 97.987 105.61 273.55 1.4811
3369.8689 99.075 97.999 107.56 274.89 1.4818
3370.0212 99.078 98.015 108.83 273.84 1.52
3370.1736 99.084 98.029 105.3 274.32 1.566
3370.3259 99.079 98.033 98.766 275.25 1.5545
3370.4785 99.075 98.035 96.155 274.36 1.5522
3370.6309 99.074 98.048 97.437 275.88 1.551
3370.7832 99.095 98.063 100.26 276.67 1.5608
3370.9355 99.124 98.061 102.3 275.94 1.5634
3371.0881 99.102 98.067 103.48 276.01 1.5443
3371.2405 99.068 98.074 102.88 274.65 1.5457
3371.3928 99.075 98.075 100.11 273.99 1.5565
3371.5452 99.074 98.075 96.473 274.99 1.5779
3371.6978 99.083 98.079 95.505 273.86 1.6161
3371.8501 99.141 98.084 96.848 273.83 1.6439
3372.0024 99.198 98.091 98.908 273.15 1.6567
3372.1548 99.228 98.102 98.465 272.01 1.6639
3372.3071 99.246 98.101 96.73 272.3 1.6594
3372.4597 99.22 98.101 96.899 272.65 1.6504
3372.6121 99.249 98.113 97.387 272.66 1.6412
3372.7644 99.262 98.126 98.055 272.24 1.6364
3372.9167 99.278 98.133 98.551 271.81 1.6215
3373.0693 99.282 98.138 98.951 274.19 1.5978
3373.2217 99.278 98.139 98.645 275.34 1.5761
3373.374 99.281 98.146 97.422 273.99 1.564
3373.5264 99.292 98.154 98.547 274.53 1.5609
3373.679 99.292 98.157 100.69 275.06 1.5681
3373.8313 99.275 98.172 102.28 275.02 1.5855
3373.9836 99.25 98.209 101.26 276.19 1.5729
3374.136 99.25 98.245 97.984 276.71 1.5131
3374.2883 99.271 98.295 96.027 276.41 1.4858
3374.4409 99.296 98.358 95.527 276.12 1.4934
3374.5933 99.301 98.39 95.837 275.75 1.4856
3374.7456 99.285 98.396 96.844 275.51 1.4798
3374.8979 99.272 98.336 98.18 276.32 1.4806
3375.0505 99.282 98.346 98.099 276.61 1.4799
3375.2029 99.286 98.446 96.254 276.58 1.48
3375.3552 99.292 98.466 94.213 275.9 1.4812
3375.5076 99.284 98.449 94.082 274.17 1.4838
3375.6602 99.286 98.458 94.791 272.67 1.4904
3375.8125 99.293 98.508 92.78 273 1.5388
3375.9648 99.287 98.5 89.501 274.42 1.5442
3376.1172 99.304 98.503 86.707 273.61 1.4844
3376.2695 99.312 98.493 85.605 273.18 1.4959
3376.4221 99.318 98.5 86.159 274.76 1.4992
3376.5745 99.33 98.511 86.397 275.02 1.4861
3376.7268 99.324 98.523 87.621 274.38 1.4861
3376.8792 99.366 98.53 90.461 274.44 1.4855
3377.0317 99.404 98.516 91.581 274.36 1.5329
3377.1841 99.391 98.507 91.876 274.47 1.5457
3377.3364 99.35 98.529 91.767 273.66 1.488
3377.4888 99.284 98.545 93.297 273.97 1.4876
3377.6414 99.263 98.52 93.588 274.47 1.4884
3377.7937 99.28 98.528 91.828 273.25 1.4856
3377.946 99.313 98.559 89.099 272.66 1.4851
3378.0984 99.368 98.589 88.746 273.54 1.486
3378.2507 99.419 98.602 90.105 274.39 1.4848
3378.4033 99.422 98.596 90.906 274.65 1.4854
3378.5557 99.442 98.584 91.706 274.14 1.4871
3378.708 99.45 98.584 92.863 273.8 1.4871
3378.8604 99.457 98.571 95.73 274.6 1.4844
3379.0129 99.495 98.578 97.189 274.91 1.4831
3379.1653 99.495 98.58 96.076 274.44 1.4849
3379.3176 99.508 98.557 93.417 273.89 1.4991
3379.47 99.524 98.535 92.313 274.3 1.5147
3379.6226 99.456 98.532 92.656 274.63 1.504
3379.7749 99.364 98.567 93.538 273.83 1.4871
3379.9272 99.353 98.59 92.64 273.35 1.4897
3380.0796 99.365 98.577 91.363 273.39 1.4932
3380.2319 99.383 98.577 90.379 274.72 1.4949
3380.3845 99.363 98.58 90.666 274.39 1.4918
3380.5369 99.344 98.583 93.958 273.91 1.4938
3380.6892 99.343 98.592 98.008 274.23 1.4941
3380.8416 99.377 98.59 98.516 273.87 1.4949
3380.9941 99.416 98.625 95.15 273.83 1.4967
3381.1465 99.462 98.629 91.064 273.53 1.4908
3381.2988 99.449 98.6 92.9 273.51 1.4962
3381.4512 99.431 98.593 97.414 274.3 1.4988
3381.6038 99.514 98.582 99.628 274.02 1.4909
3381.7561 99.472 98.565 98.088 273.42 1.4901
3381.9084 99.415 98.58 94.085 273.89 1.4899
3382.0608 99.425 98.591 93.23 274.63 1.4896
3382.2131 99.439 98.624 94.711 273.94 1.4938
3382.3657 99.43 98.678 96.75 273.61 1.5069
3382.5181 99.415 98.71 96.531 274.19 1.5328
3382.6704 99.422 98.714 95.539 274.26 1.5344
3382.8228 99.456 98.715 94.816 274.97 1.5052
3382.9753 99.498 98.706 95.145 274.83 1.4923
3383.1277 99.524 98.713 94.482 274.52 1.4916
3383.28 99.528 98.713 94.212 274.31 1.4918
3383.4324 99.533 98.708 95.754 274.18 1.4916
3383.585 99.509 98.725 96.81 275.01 1.4922
3383.7373 99.451 98.72 97.125 275.2 1.4939
3383.8896 99.439 98.724 96.988 274.63 1.5017
3384.042 99.492 98.733 96.867 273.85 1.5024
3384.1943 99.536 98.73 96.773 274.4 1.4933
3384.3469 99.539 98.715 95.218 274.61 1.4935
3384.4993 99.54 98.714 93.281 274.66 1.4887
3384.6516 99.595 98.715 91.77 273.1 1.4894
3384.804 99.633 98.718 90.816 272.11 1.5031
3384.9565 99.625 98.725 91.927 272.36 1.505
3385.1089 99.606 98.715 92.834 273.03 1.5013
3385.2612 99.605 98.711 92.623 276 1.504
3385.4136 99.637 98.714 91.445 276.9 1.51
3385.5662 99.658 98.719 91.842 276.05 1.5125
3385.7185 99.697 98.715 95.237 276.42 1.5246
3385.8708 99.697 98.722 99.114 276.81 1.5412
3386.0232 99.676 98.734 98.324 275.66 1.5677
3386.1755 99.688 98.729 94.379 275.94 1.6172
3386.3281 99.646 98.725 91.744 276.47 1.6331
3386.4805 99.555 98.724 92.704 275.49 1.5907
3386.6328 99.57 98.729 92.305 274.92 1.5674
3386.7852 99.652 98.733 89.145 273.8 1.5582
3386.9377 99.625 98.734 86.081 273.63 1.5636
3387.0901 99.56 98.721 87.162 272.89 1.5747
3387.2424 99.574 98.723 90.029 272.35 1.5765
3387.3948 99.58 98.75 91.625 273.01 1.5976
3387.5474 99.593 98.785 91.282 273.37 1.6306
3387.6997 99.603 98.804 89.439 273.72 1.632
3387.8521 99.62 98.806 88.124 275.14 1.6403
3388.0044 99.659 98.804 87.535 276.53 1.6699
3388.1567 99.696 98.788 87.391 277.19 1.7043
3388.3093 99.707 98.786 87.497 276.99 1.7382
3388.4617 99.676 98.775 87.045 275.22 1.6949
3388.614 99.694 98.751 85.926 273.62 1.6132
3388.7664 99.731 98.72 85.887 274.46 1.6472
3388.9189 99.745 98.749 88.148 276.12 1.6974
3389.0713 99.747 98.796 91.499 277.02 1.6997
3389.2236 99.643 98.818 92.375 276.72 1.6641
3389.376 99.528 98.835 91.965 276.18 1.6014
3389.5283 99.533 98.864 91.492 275.29 1.5216
3389.6809 99.525 98.9 91.864 275.91 1.4798
3389.8333 99.518 98.922 92.195 275.64 1.4701
3389.9856 99.524 98.941 93.191 275.73 1.527
3390.1379 99.524 98.947 96.176 275.7 1.6066
3390.2905 99.536 98.943 99.814 275.07 1.6115
3390.4429 99.608 98.933 102.83 275.48 1.6134
3390.5952 99.659 98.936 103.69 275.66 1.626
3390.7476 99.644 98.938 103.26 275.34 1.6124
3390.9001 99.654 98.932 102.28 274.44 1.562
3391.0525 99.659 98.942 100.13 274.14 1.53
3391.2048 99.7 98.939 96.592 273.75 1.5136
3391.3572 99.748 98.925 93.516 273.95 1.4423
3391.5095 99.766 98.923 92.488 273.91 1.4413
3391.6621 99.764 98.928 91.201 273.92 1.5661
3391.8145 99.786 98.928 91.39 274.64 1.5591
3391.9668 99.815 98.936 91.098 274.9 1.5601
3392.1191 99.847 98.939 91.406 275.8 1.5364
3392.2717 99.894 98.948 89.451 276.15 1.5233
3392.4241 99.902 98.974 86.407 275.63 1.575
3392.5764 99.87 98.979 85.277 276.47 1.6097
3392.7288 99.853 98.996 87.555 277.23 1.5869
3392.8813 99.793 99.02 91.563 277.37 1.5803
3393.0337 99.747 99.026 92.753 276.43 1.5551
3393.186 99.736 99.017 91.068 275.45 1.5174
3393.3384 99.737 99.014 90.324 275.48 1.5146
3393.4907 99.733 99.008 93.512 276.1 1.5146
3393.6433 99.731 98.997 97.557 276.19 1.5172
3393.7957 99.753 99.002 100.06 277.16 1.5188
3393.948 99.8 98.991 97.727 276.82 1.517
3394.1003 99.831 98.979 90.91 276.14 1.5398
3394.2529 99.831 98.996 84.275 276.37 1.5564
3394.4053 99.819 99.016 83.455 275.59 1.5367
3394.5576 99.789 98.997 88.147 274.64 1.536
3394.71 99.761 98.99 92.535 274.8 1.539
3394.8625 99.758 99.029 96.177 274.87 1.5352
3395.0149 99.749 99.035 97.111 275.13 1.5364
3395.1672 99.734 99.026 96.196 274.52 1.5368
3395.3196 99.755 98.999 91.227 274.25 1.5347
3395.4719 99.755 99.006 86.434 274.7 1.5325
3395.6245 99.768 99.032 84.678 274.14 1.5491
3395.7769 99.849 99 85.886 273.75 1.5861
3395.9292 99.939 98.984 88.145 274.15 1.5718
3396.0815 99.953 98.996 88.414 273.77 1.5382
3396.2341 99.954 99.024 86.869 273.02 1.5412
3396.3865 99.957 99.056 85.613 273.72 1.5502
3396.5388 99.956 99.076 87.149 273.58 1.5646
3396.6912 99.953 99.081 89.332 273.26 1.5479
3396.8438 99.968 99.087 91.413 273.62 1.5372
3396.9961 99.964 99.103 91.529 273.65 1.5384
3397.1484 99.976 99.126 92.783 273.32 1.5347
3397.3008 100 99.137 93.625 273.26 1.538
3397.4531 100.01 99.145 93.707 274.11 1.5447
3397.6057 99.995 99.155 93.291 274.79 1.5447
3397.7581 99.977 99.147 93.694 274.5 1.542
3397.9104 99.995 99.149 96.73 274.04 1.5437
3398.0627 99.985 99.161 98.219 274.65 1.5438
3398.2153 99.963 99.16 97.265 276.11 1.5457
3398.3677 99.988 99.161 94.353 276.1 1.5466
3398.52 99.99 99.155 91.607 276.49 1.5413
3398.6724 99.995 99.155 91.586 278.15 1.5494
3398.825 100.06 99.147 90.497 278.36 1.5568
3398.9773 100.06 99.145 90.456 277.19 1.5544
3399.1296 100.06 99.155 89.699 277.55 1.5617
3399.282 100.11 99.155 89.641 278.92 1.5873
3399.4343 100.15 99.155 89.297 278.69 1.6268
3399.5869 100.1 99.151 89.438 277.66 1.6041
3399.7393 100.09 99.15 91.149 276.4 1.5383
3399.8916 100.17 99.155 91.965 275.27 1.5417
3400.0439 100.19 99.163 91.906 274.08 1.5475
3400.1965 100.19 99.166 91.611 274.01 1.5425
3400.3489 100.18 99.159 93.191 273.55 1.5402
3400.5012 100.18 99.161 94.669 273.59 1.5652
3400.6536 100.19 99.167 94.551 273.78 1.575
3400.8062 100.19 99.196 92.687 273.72 1.5516
3400.9585 100.18 99.211 90.235 274.28 1.5695
3401.1108 100.17 99.218 90.143 275.37 1.5737
3401.2632 100.17 99.209 90.102 276 1.5522
3401.4155 100.17 99.191 88.473 276.2 1.5532
3401.5681 100.18 99.198 87.134 276.33 1.5533
3401.7205 100.18 99.189 86.12 276.31 1.5536
3401.8728 100.18 99.192 86.645 277.33 1.5526
3402.0251 100.2 99.19 85.117 276.33 1.5541
3402.1777 100.21 99.174 84.748 276.01 1.5626
3402.3301 100.24 99.17 84.544 276.4 1.5625
3402.4824 100.26 99.202 84.781 275.13 1.5568
3402.6348 100.23 99.246 84.801 274.12 1.5591
3402.7874 100.19 99.255 86.203 273.85 1.5648
3402.9397 100.2 99.276 88.57 275.05 1.5638
3403.092 100.29 99.28 90.677 274.71 1.5623
3403.2444 100.28 99.318 91.324 274.74 1.5627
3403.3967 100.18 99.364 89.133 275.53 1.493
3403.5493 100.18 99.368 87.718 275.64 1.4075
3403.7017 100.21 99.373 89.642 274.92 1.476
3403.854 100.25 99.373 92.813 274.97 1.5645
3404.0063 100.29 99.377 94.832 275.45 1.5662
3404.1589 100.31 99.379 95.185 275.79 1.5678
3404.3113 100.33 99.373 97.377 276.16 1.572
3404.4636 100.35 99.377 98.376 276.08 1.5832
3404.616 100.37 99.379 97.734 276.21 1.5851
3404.7686 100.39 99.373 95.748 276.92 1.5716
3404.9209 100.4 99.37 94.529 277.08 1.5786
3405.0732 100.41 99.372 92.701 277.48 1.5791
3405.2256 100.41 99.375 89.004 277.72 1.577
3405.3779 100.4 99.377 83.715 276.52 1.5751
3405.5305 100.39 99.388 79.62 275.99 1.5757
3405.6829 100.39 99.375 81.28 275.7 1.5799
3405.8352 100.4 99.372 88.379 274.29 1.5885
3405.9875 100.41 99.391 94.789 273.67 1.5862
3406.1401 100.4 99.405 95.658 274.56 1.5765
3406.2925 100.4 99.423 89.141 275.67 1.5518
3406.4448 100.4 99.451 82.674 276.21 1.476
3406.5972 100.39 99.47 80.387 276.88 1.4504
3406.7498 100.4 99.459 83.416 276.35 1.5361
3406.9021 100.43 99.458 87.601 275.93 1.5881
3407.0544 100.47 99.459 90.7 276.46 1.5904
3407.2068 100.51 99.404 90.754 276.48 1.5898
3407.3591 100.5 99.401 91.57 275.73 1.5903
3407.5117 100.48 99.447 93.86 276.21 1.5891
3407.6641 100.47 99.481 96.11 277.88 1.5882
3407.8164 100.44 99.529 97.91 278.24 1.5898
3407.9688 100.44 99.558 96.613 277.31 1.592
3408.1213 100.47 99.576 96.273 277.34 1.593
3408.2737 100.47 99.591 96.749 276.71 1.5895
3408.426 100.48 99.596 98.173 276.26 1.5858
3408.5784 100.49 99.589 99.613 276.12 1.5881
3408.731 100.49 99.581 99.081 275.3 1.5952
3408.8833 100.5 99.583 95.898 274.31 1.5944
3409.0356 100.48 99.569 93.209 273.44 1.5923
3409.188 100.45 99.571 92.258 274.01 1.5909
3409.3403 100.45 99.586 95.074 275.02 1.592
3409.4929 100.45 99.587 98.227 276.35 1.5939
3409.6453 100.49 99.582 98.575 276.39 1.5928
3409.7976 100.54 99.586 98.531 274.96 1.5915
3409.95 100.58 99.587 98.988 275.8 1.5903
3410.1025 100.55 99.594 100.57 275.36 1.5908
3410.2549 100.51 99.597 101.38 274.56 1.6088
3410.4072 100.54 99.59 101.16 274.69 1.6147
3410.5596 100.51 99.597 102 274.09 1.5936
3410.7122 100.51 99.603 103.08 274.02 1.5956
3410.8645 100.57 99.607 102.73 274.6 1.6087
3411.0168 100.56 99.595 102.52 274 1.6112
3411.1692 100.54 99.609 100.61 274.27 1.5947
3411.3215 100.58 99.623 98.121 275.42 1.5956
3411.4741 100.56 99.641 96.544 275.66 1.6361
3411.6265 100.51 99.672 97.179 276.05 1.6818
3411.7788 100.53 99.668 101.82 276.01 1.6783
3411.9312 100.58 99.634 107.48 274.46 1.6804
3412.0837 100.61 99.628 112.09 274.56 1.6556
3412.2361 100.61 99.633 113.33 274.18 1.6238
3412.3884 100.63 99.638 109.71 273.24 1.6271
3412.5408 100.63 99.634 103.07 273.96 1.6433
3412.6934 100.65 99.637 97.138 276.78 1.638
3412.8457 100.67 99.65 93.738 277.68 1.6245
3412.998 100.68 99.64 92.289 276.82 1.6304
3413.1504 100.69 99.611 91.379 277.21 1.6307
3413.3027 100.67 99.63 90.758 276.81 1.641
3413.4553 100.67 99.686 92.526 276.39 1.6426
3413.6077 100.7 99.72 93.492 277.02 1.6433
3413.76 100.64 99.751 94.137 277.87 1.6559
3413.9124 100.57 99.769 95.121 278.93 1.6981
3414.0649 100.55 99.755 95.245 279.56 1.7427
3414.2173 100.58 99.776 92.942 278.94 1.7478
3414.3696 100.57 99.81 90.176 279.21 1.7677
3414.522 100.55 99.808 91.395 279.03 1.7744
3414.6746 100.58 99.819 94.532 276.75 1.7596
3414.8269 100.62 99.802 94.96 274.3 1.7534
3414.9792 100.63 99.793 92.929 274.28 1.6801
3415.1316 100.62 99.805 92.246 275.48 1.5956
3415.2839 100.62 99.8 92.684 275.7 1.5997
3415.4365 100.63 99.804 91.806 276.24 1.5965
3415.5889 100.68 99.813 88.631 276.63 1.5993
3415.7412 100.75 99.815 87.109 274.66 1.6056
3415.8936 100.78 99.833 88.301 269.47 1.6079
3416.0461 100.77 99.886 91.336 261.44 1.6102
3416.1985 100.76 99.884 93.688 246.63 1.6079
3416.3508 100.75 99.847 96.166 219.32 1.605
3416.5032 100.68 99.85 98.895 186.37 1.601
3416.6558 100.65 99.864 98.986 155.08 1.6024
3416.8081 100.65 99.882 93.821 130.01 1.6078
3416.9604 100.63 99.899 85.726 117.66 1.6094
3417.1128 100.68 99.907 78.227 113.62 1.6041
3417.2651 100.78 99.867 74.887 114.07 1.6048
3417.4177 100.86 99.819 74.486 112.36 1.606
3417.5701 100.86 99.819 76.859 112.07 1.608
3417.7224 100.86 99.823 80.012 113.11 1.6113
3417.8748 100.85 99.832 82.68 113.6 1.6105
3418.0273 100.85 99.841 84.794 112.65 1.6098
3418.1797 100.86 99.83 86.979 111.37 1.6104
3418.332 100.86 99.849 88.777 112.5 1.6099
3418.4844 100.84 99.885 87.512 112.58 1.6098
3418.637 100.83 99.873 87.056 111.84 1.6121
3418.7893 100.86 99.95 87.66 113.48 1.6138
3418.9417 100.85 100.02 88.913 113.92 1.6146
3419.094 100.85 99.99 90.48 112.01 1.6397
3419.2463 100.85 100 90.512 111.99 1.6498
3419.3989 100.85 100.03 91.319 113.44 1.6193
3419.5513 100.88 100.03 92.509 111.68 1.6133
3419.7036 100.92 100.03 95.652 110.94 1.6133
3419.856 100.88 100.03 101.36 112.19 1.6129
3420.0085 100.87 100.03 104.7 113.28 1.6127
3420.1609 100.87 100.04 104.91 112.99 1.6129
3420.3132 100.85 100.04 102.97 112.75 1.6127
3420.4656 100.85 100.03 100.55 112.47 1.6129
3420.6182 100.86 100.02 100.06 114.14 1.6123
3420.7705 100.84 100.03 99.898 114.25 1.6239
3420.9229 100.87 100.03 99.003 112.95 1.6365
3421.0752 100.93 100.03 97.852 111.15 1.6252
3421.2275 100.92 100.04 97.418 110.93 1.6143
3421.3801 100.91 100.04 98.218 112.98 1.6391
3421.5325 100.91 100.03 98.937 113.05 1.6812
3421.6848 100.91 100.02 100.07 111.8 1.6901
3421.8372 100.88 100.02 101.73 111.69 1.6756
3421.9897 100.92 100.04 101.42 111.14 1.6452
3422.1421 100.98 100.07 100.67 111.65 1.6228
3422.2944 100.99 100.08 99.974 111.75 1.6438
3422.4468 101.05 100.08 101.12 111.57 1.6697
3422.5991 101.06 100.07 101.32 111.25 1.6552
3422.7517 101.06 100.07 102.08 111.75 1.6274
3422.9041 101.06 100.06 103.44 112.75 1.6268
3423.0564 101.08 100.04 104.33 112.2 1.629
3423.2087 101.08 100.06 103.97 113.44 1.6187
3423.3613 101.07 100.08 102.58 114.22 1.6177
3423.5137 101.07 100.11 99.916 112.72 1.6189
3423.666 101.07 100.13 98.169 112.4 1.6198
3423.8184 101.08 100.18 98.242 113.86 1.6173
3423.9709 101.07 100.2 98.217 112.89 1.6158
3424.1233 101.07 100.2 98.483 112.03 1.6152
3424.2756 101.07 100.2 98.419 111.28 1.6148
3424.428 101.1 100.21 97.945 111.98 1.6138
3424.5803 101.12 100.24 97.242 112.77 1.6154
3424.7329 101.14 100.24 99.631 111.94 1.6212
3424.8853 101.18 100.23 102.83 111.45 1.625
3425.0376 101.18 100.24 103.3 111.46 1.6207
3425.1899 101.16 100.25 100.4 111.13 1.6263
3425.3425 101.12 100.25 98.953 111.62 1.6642
3425.4949 101.09 100.25 99.152 111.65 1.6909
3425.6472 101.05 100.25 98.188 111.42 1.6784
3425.7996 101.03 100.25 99.078 111.08 1.6688
3425.9521 101.01 100.26 100.79 111.13 1.6643
3426.1045 101.01 100.22 102.16 111.32 1.6529
3426.2568 101.06 100.24 101.81 111.77 1.671
3426.4092 101.12 100.33 101.13 112.07 1.7029
3426.5615 101.11 100.34 102.14 111.9 1.7299
3426.7141 101.06 100.35 104.26 112.36 1.7133
3426.8665 101.07 100.33 104.94 112.37 1.6441
3427.0188 101.07 100.33 104.92 112.38 1.6348
3427.1711 101.03 100.33 103.43 112.36 1.6343
3427.3237 100.99 100.32 102.52 113.34 1.6312
3427.4761 101 100.29 101.78 113.29 1.6451
3427.6284 101.01 100.29 103.07 113.14 1.6571
3427.7808 100.96 100.3 102.79 112.59 1.6445
3427.9333 100.95 100.28 101.89 111.53 1.6445
3428.0857 100.97 100.31 101.03 112.13 1.6364
3428.238 100.97 100.33 101.81 114.01 1.626
3428.3904 100.97 100.32 103.67 115.42 1.626
3428.5427 100.96 100.33 103.87 115.42 1.626
3428.6953 100.96 100.32 103.28 115.42 1.626
3428.8477 100.99 100.31 102.03 115.42 1.626
3429 100.99 100.36 102.65 115.42 1.626
3429.1523 101.02 100.39 104.23 115.42 1.626
3429.3049 101.05 100.39 104.73 115.42 1.626
3429.4573 101.06 100.42 103.76 115.42 1.626
3429.6096 101.06 100.43 101.94 115.42 1.626
3429.762 101.06 100.43 101.94 115.42 1.626
3429.9146 101.06 100.43 101.94 115.42 1.626
3430.0669 101.06 100.41 102.13 115.42 1.626
3430.2192 101.05 100.41 101.36 115.42 1.626
3430.3716 101.06 100.4 99.926 115.42 1.626
3430.5239 101.05 100.4 100.16 115.42 1.626
3430.6765 101.03 100.4 100.91 115.42 1.626
3430.8289 101.02 100.38 101.52 115.42 1.626
3430.9812 101.01 100.38 101.09 115.42 1.626
3431.1335 101.03 100.4 99.426 115.42 1.626
3431.2861 101.05 100.42 98.989 115.42 1.626
3431.4385 101.06 100.4 100.01 115.42 1.626
3431.5908 101.05 100.39 100.18 115.42 1.626
3431.7432 101.04 100.39 101.64 115.42 1.626
3431.8958 101.04 100.41 104.26 115.42 1.626
3432.0481 101.04 100.39 104.95 115.42 1.626
3432.2004 101.03 100.38 104.92 115.42 1.626
3432.3528 101.03 100.38 103.43 115.42 1.626
3432.5051 101.03 100.39 102.53 115.42 1.626
3432.6577 101.03 100.41 101.78 115.42 1.626
3432.8101 101.06 100.43 102.94 115.42 1.626
3432.9624 101.06 100.43 102.94 115.42 1.626
