! "BHGM Borehole Gravity Meter (17 1/2'' & 14 3/4'', 12 1/4'' & 8 1/2'')"
! "This data file contains data recorded in the KTB project and"
! "in the KTB deep crustal lab (KTB-TO) in 1996"
! "Section: 700 - 8400 m, cased and open hole"
!
! "Edited: Univ. Bochum, Geophysics, Dr. U. Casten, I. Heyde, Date: 11-Mar-1998"
! "Tool: EDCON Company, USA"
! "Latitude: 49.81639 degrees"
! "Longitude: 12.12194 degrees"
!
! "Absolute Gravity value at ground level: 980941.62 mGal (IGSN71)"
!
! "International Gravity Formula 1967: "
! "G = 978031.8 (1 + 0.0053024 sin2 (Phi) - 0.0000059 sin2 (2*Phi) mGal "
! " = 981053.036 mGal "
!
! "Free air gradient: "
! "F = -0.30877 (1 - 0.00139 sin2 (Phi)) mGal/m"
! " = -0.3085 mGal/m "
!
! "Average well density: 2.752 g/cm3"
!
! "no. title                                              unit"
! SEPARATOR BLANK
! 1    "DEPT Depth"                                     F m
! 2    "TVD true vertical depth"                        F m
! 3    "GRAV observed gravity"                          F mGals
! 4    "BANO Bouger anomaly (Reduction density=2.742)"  F mGals
! 5    "RHO apparent density"                           F g/cm3
!
0.0 0.0 980941.625 -11.635 0.000
650.0 650.0 980997.438 -8.412 2.733
700.0 700.0 981001.438 -8.357 2.729
750.0 750.0 981005.312 -8.361 2.743
800.0 800.0 981009.312 -8.324 2.734
850.0 850.0 981013.250 -8.281 2.732
900.0 899.9 981017.125 -8.278 2.742
950.0 949.9 981021.125 -8.221 2.729
1000.0 999.9 981025.000 -8.201 2.738
1050.0 1049.9 981029.000 -8.146 2.730
1100.0 1099.9 981032.875 -8.150 2.744
1150.0 1149.9 981036.750 -8.149 2.743
1170.0 1169.9 981038.375 -8.071 2.697
1180.0 1179.9 981039.188 -8.049 2.716
1190.0 1189.9 981040.000 -8.034 2.725
1200.0 1199.9 981040.812 -8.023 2.731
1250.0 1249.9 981044.562 -8.157 2.775
1300.0 1299.9 981048.125 -8.444 2.812
1350.0 1349.9 981051.812 -8.699 2.804
1400.0 1399.9 981055.562 -8.806 2.769
1420.0 1419.9 981057.125 -8.832 2.759
1430.0 1429.9 981057.812 -8.893 2.816
1450.0 1449.9 981059.375 -8.885 2.739
1500.0 1499.9 981063.125 -9.051 2.783
1550.0 1549.9 981066.750 -9.273 2.797
1600.0 1599.9 981070.562 -9.381 2.770
1650.0 1649.9 981074.438 -9.420 2.753
1700.0 1699.9 981078.312 -9.393 2.737
1750.0 1749.9 981082.250 -9.388 2.743
1800.0 1799.9 981086.125 -9.382 2.743
1850.0 1849.9 981090.000 -9.394 2.747
1900.0 1899.8 981093.875 -9.395 2.744
1950.0 1949.8 981097.812 -9.380 2.741
2000.0 1999.7 981101.688 -9.384 2.746
2050.0 2049.7 981105.562 -9.375 2.742
2150.0 2149.7 981113.438 -9.300 2.736
2200.0 2199.7 981117.312 -9.316 2.749
2249.8 2249.5 981121.250 -9.303 2.742
2300.0 2299.7 981125.188 -9.253 2.733
2350.0 2349.7 981129.188 -9.149 2.720
2400.0 2399.7 981133.125 -9.135 2.742
2450.0 2449.7 981137.000 -9.153 2.750
2500.0 2499.7 981140.875 -9.174 2.750
2550.0 2549.7 981144.875 -9.063 2.719
2600.0 2599.7 981148.812 -9.005 2.732
2650.0 2649.6 981152.812 -8.907 2.722
2700.0 2699.6 981156.750 -8.839 2.730
2800.0 2799.6 981165.125 -8.309 2.683
2850.0 2849.6 981169.312 -8.011 2.675
2900.0 2899.6 981173.438 -7.762 2.686
3000.0 2999.6 981181.750 -7.280 2.689
3050.0 3049.6 981185.938 -6.984 2.676
3100.0 3099.6 981190.125 -6.685 2.675
3115.0 3114.6 981191.375 -6.628 2.701
3135.0 3134.6 981193.062 -6.527 2.686
3155.0 3154.6 981194.750 -6.408 2.676
3165.0 3164.6 981195.500 -6.409 2.747
3180.0 3179.6 981196.625 -6.470 2.795
3200.0 3199.6 981198.125 -6.505 2.768
3300.0 3299.6 981205.938 -6.517 2.748
3370.0 3369.6 981211.125 -6.767 2.790
3395.0 3394.6 981213.062 -6.834 2.779
3420.0 3419.6 981215.000 -6.821 2.741
3430.0 3429.6 981215.812 -6.786 2.705
3455.0 3454.6 981217.938 -6.646 2.680
3480.0 3479.6 981220.000 -6.498 2.677
3505.0 3504.6 981222.188 -6.299 2.652
3530.0 3529.6 981224.375 -6.035 2.621
3540.0 3539.6 981225.250 -5.969 2.669
3560.0 3559.6 981226.875 -5.904 2.709
3600.0 3599.6 981229.938 -5.924 2.753
3700.0 3699.6 981237.625 -6.080 2.766
3799.8 3799.4 981245.250 -6.249 2.768
3900.0 3899.6 981253.000 -6.371 2.762
4000.0 3999.6 981260.875 -6.309 2.740
4100.0 4099.6 981268.625 -6.382 2.757
4200.0 4199.6 981276.375 -6.410 2.751
4300.0 4299.5 981284.188 -6.462 2.755
4400.0 4399.5 981292.125 -6.301 2.729
4420.0 4419.5 981293.750 -6.254 2.721
4500.0 4499.5 981300.125 -6.139 2.732
4600.0 4599.5 981307.688 -6.396 2.779
4700.0 4699.5 981315.375 -6.540 2.766
4800.0 4799.5 981323.062 -6.712 2.770
4900.0 4899.5 981330.938 -6.672 2.745
5000.0 4999.5 981338.438 -6.993 2.788
5100.0 5099.5 981346.000 -7.299 2.786
5200.0 5199.5 981353.375 -7.743 2.803
5220.0 5219.5 981354.875 -7.810 2.790
5235.0 5234.5 981356.125 -7.719 2.737
5260.0 5259.5 981358.125 -7.705 2.699
5295.0 5294.5 981361.062 -7.492 2.714
5325.0 5324.5 981363.500 -7.421 2.722
5335.0 5334.5 981364.250 -7.435 2.767
5430.0 5429.5 981371.625 -7.500 2.759
5530.0 5529.5 981379.438 -7.555 2.757
5540.0 5539.5 981380.188 -7.574 2.773
5560.0 5559.5 981381.750 -7.559 2.742
5570.0 5569.5 981382.562 -7.547 2.736
5580.0 5579.5 981383.375 -7.538 2.741
5585.0 5584.5 981383.750 -7.535 2.742
5595.0 5594.5 981384.500 -7.538 2.755
5605.0 5604.5 981385.312 -7.503 2.709
5625.0 5624.5 981386.812 -7.590 2.803
5650.0 5649.5 981388.688 -7.671 2.789
5700.0 5699.5 981392.438 -7.844 2.792
5800.0 5799.5 981400.062 -8.096 2.781
5900.0 5899.5 981407.688 -8.262 2.771
5950.0 5949.5 981411.562 -8.301 2.761
5990.0 5989.5 981414.625 -8.413 2.785
6000.0 5999.6 981412.938 -8.413 2.768
6100.1 6099.7 981420.688 -8.533 2.766
6200.0 6199.6 981428.500 -8.696 2.771
6300.0 6299.6 981436.250 -8.915 2.778
6400.0 6399.6 981443.875 -9.208 2.787
6500.0 6499.5 981451.125 -9.868 2.831
6580.0 6579.5 981457.062 -10.223 2.806
6650.0 6649.5 981462.688 -10.128 2.737
6700.0 6699.5 981466.500 -10.301 2.794
6750.0 6749.5 981470.625 -10.145 2.716
6800.0 6799.4 981474.438 -10.296 2.789
6810.0 6809.4 981475.125 -10.290 2.746
6820.0 6819.4 981475.875 -10.313 2.781
6830.0 6829.4 981476.625 -10.336 2.780
6840.0 6839.4 981477.438 -10.333 2.749
6850.0 6849.4 981478.188 -10.369 2.797
6860.0 6859.4 981478.938 -10.382 2.768
6870.0 6869.4 981479.688 -10.419 2.797
6880.0 6879.4 981480.438 -10.446 2.786
6890.0 6889.4 981481.125 -10.526 2.848
6900.0 6899.4 981481.938 -10.355 2.550
6910.0 6909.4 981482.750 -10.326 2.719
6920.0 6919.4 981483.500 -10.349 2.780
6930.0 6929.4 981484.250 -10.396 2.810
6940.0 6939.4 981485.062 -10.368 2.719
6950.0 6949.4 981485.812 -10.397 2.787
6960.0 6959.4 981486.625 -10.370 2.722
6970.0 6969.4 981487.375 -10.374 2.758
6980.0 6979.4 981488.188 -10.388 2.770
6990.0 6989.4 981488.938 -10.385 2.751
7000.0 6999.4 981489.750 -10.374 2.740
7010.0 7009.4 981490.562 -10.371 2.749
7020.0 7019.4 981491.312 -10.383 2.769
7030.0 7029.4 981492.125 -10.379 2.748
7040.0 7039.4 981492.875 -10.376 2.749
7050.0 7049.4 981493.688 -10.367 2.744
7060.0 7059.4 981494.438 -10.410 2.804
7070.0 7069.4 981495.250 -10.367 2.702
7080.0 7079.4 981496.062 -10.356 2.741
7090.0 7089.4 981496.875 -10.338 2.732
7100.0 7099.4 981497.688 -10.331 2.746
7110.0 7109.4 981498.438 -10.340 2.764
7120.0 7119.4 981499.250 -10.337 2.750
7130.0 7129.4 981500.062 -10.293 2.702
7140.0 7139.4 981500.812 -10.329 2.796
7150.0 7149.4 981501.625 -10.327 2.751
7160.0 7159.4 981502.375 -10.334 2.763
7162.0 7161.4 981502.312 -10.334 2.742
7172.0 7171.4 981503.125 -10.338 2.758
7180.0 7179.4 981504.000 -10.313 2.741
7182.0 7181.4 981503.938 -10.297 2.704
7190.0 7189.4 981504.750 -10.313 2.755
7192.0 7191.4 981504.688 -10.309 2.769
7200.0 7199.4 981505.500 -10.352 2.800
7202.0 7201.4 981505.438 -10.365 2.820
7212.0 7211.4 981506.250 -10.331 2.713
7222.0 7221.4 981506.875 -10.474 2.925
7232.0 7231.4 981507.750 -10.440 2.713
7242.0 7241.4 981508.438 -10.492 2.815
7252.0 7251.4 981509.312 -10.439 2.691
7262.0 7261.4 981510.125 -10.384 2.688
7272.0 7271.4 981511.000 -10.326 2.684
7282.0 7281.4 981511.812 -10.261 2.677
7292.0 7291.3 981512.688 -10.206 2.687
7300.0 7299.3 981513.938 -10.187 2.734
7302.0 7301.3 981513.438 -10.220 2.770
7312.0 7311.3 981514.188 -10.270 2.814
7322.0 7321.2 981514.938 -10.276 2.761
7332.0 7331.2 981515.688 -10.296 2.777
7342.0 7341.1 981516.438 -10.333 2.799
7350.0 7349.1 981517.688 -10.352 2.794
7352.0 7351.1 981517.188 -10.403 2.837
7362.0 7361.1 981517.812 -10.569 2.951
7390.0 7389.0 981520.625 -10.545 2.819
7440.0 7439.0 981524.062 -11.034 2.871
7490.0 7489.0 981527.750 -11.276 2.812
7550.0 7548.9 981532.312 -11.368 2.773
7600.0 7598.8 981536.125 -11.454 2.775
7650.0 7648.6 981539.938 -11.569 2.782
7700.0 7697.9 981543.438 -11.915 2.838
7750.0 7747.2 981547.250 -11.985 2.772
7790.0 7783.8 981550.188 -11.934 2.738
7850.0 7841.2 981554.625 -11.980 2.765
7899.8 7890.3 981558.688 -11.778 2.706
7970.0 7959.6 981563.875 -12.072 2.806
8100.0 8087.1 981573.875 -12.076 2.756
8400.0 8364.0 981597.375 -10.279 2.679
