!  "KTB-HB, temp. log, date logged: 02.01.94, HB-246"
!
!  "R1    UNAL  Remark Line 1                                                  9-5/8" LINER KOPF 5893 M , ROHRSCHUH 7784 M"
!  "                                                                        => (DRILLERTEUFE)"
!  "R2    UNAL  Remark Line 2                                                  HDS-H 856 GEFAHREN: MAX MESSBEREICH CA 850 MM"
!  "R3    UNAL  Remark Line 3                                                  SPUELUNGSAUSLAUFZEIT 112/208"
!  "R4    UNAL  Remark Line 4                                                  MIT SAH-E DREHKOPF GEFAHREN , HDM-J 760 IN HDS SONDE."
!  "R5    UNAL  Remark Line 5                                                  BEI NEIGUNG UNTER 1 GRAD KOENNEN AZIMUTH UND RB"
!  "R6    UNAL  Remark Line 6                                                  SEHR UNGENAU SEIN."
!  "R7    UNAL  Remark Line 7                                                  MAX. TEMP. MIT PT1000 GEMESSEN."
!  "R8    UNAL  Remark Line 8                                                  LINERKOPF 5904.5 M LOGGERTEUFE"
!  "R11   UNAL                                                                 FOLGENDE TEILE IN DEWARS :"
!  "R12   UNAL                                                                 AME-AA 1720 + TCC-B 190 IN UDFH-KD 773"
!  "R14   UNAL                                                                 BGC-BX 810 + 24''SPACER + SGC-SA 1247 IN UDFH-KF 777"
!  "R15   UNAL                                                                 TMP3 EICHUNG 3/10/93 GAIN 0.01951 OFFS 151.64"
!  "R16   UNAL                                                                 AMTE EICHUNG: 27/06/92 GAIN 0.9991  OFFS -2.27"
!  "HIDE  UNAL  Header Identifier                                              HB246 *BGL-GR-AMS-SP-TEMP* 2/1/94"
!  "WN    UNAL  Well Name                                                      KTB-OPF-HB"
!  "FL    UNAL  Field Location                                                 NAABDEMENREUTH"
!  "FL1   UNAL  WSD Field Location 1                                           WINDISCHESCHENBACH"
!  "WITN  UNAL  Witness's Name                                                 KRUSCHE"
!  "DFT   UNAL  Drilling Fluid Type                                            KTB-HT"
!  "CN    UNAL  Company Name                                                   NIEDERSAECHSISCHES LANDESAMT F. BODENFORSCHUNG"
!  "FN    UNAL  Field Name                                                     OBERPFALZ"
!  "LUL   UNAL  Logging Unit Location                                          KTB"
!  "ENGI  UNAL  Engineer's Name                                                KUEHR"
!  "MFSS  UNAL  Mud Filtrate Sample Source                                     PRESSE"
!  "MCSS  UNAL  Mud Cake Sample Source                                         PRESSE"
!  "TLAB  UNAL  Time Logger At Bottom                                          07:45 02/01/94"
!  "TCS   UNAL  Time Circulation Stopped                                       09:00 01/01/94"
!  "DATE  UNAL  Date as month-day-year                                         2 JAN 1994"
!  "LONG  UNAL  Longitude                                                      R 45 08 775,24"
!  "LATI  UNAL  Latitude                                                       H 55 19 864,35"
!  "STAT  UNAL  State or Province                                              BAYERN"
!  "COUN  UNAL  County                                                         NEUSTADT/WN"
!  "DMF   UNAL  Drilling Measured From                                         ACKERSOHLE"
!  "LMF   UNAL  Log Measured From                                              ACKERSOHLE"
!  "PDAT  UNAL  Permanent Datum                                                ACKERSOHLE"!!!!
!
!  SEPARATOR   BLANK
! "no. title                                           unit"
!
!   1 "DEPT   depth" F        m
!   2 "TMP3   temp. sensor at tool bottom" F        degC
!   3 "HTEN   head tension, pulling force" F        lbf(pounds)
!   4 "MRES   mud resistivity" F        ohmm
!
7743.1392 169.67 1133 0.092773
7743.2915 169.73 1135 0.092773
7743.4443 169.8 1135 0.092773
7743.5967 169.85 1135 0.092773
7743.749 169.91 1135 0.092773
7743.9014 169.96 1135 0.092773
7744.0537 169.98 1135 0.092773
7744.2061 170 1135 0.092773
7744.3584 170.03 1135 0.092773
7744.5107 170.07 1134 0.092773
7744.6631 170.1 1134 0.092773
7744.8159 170.12 1134 0.092773
7744.9683 170.13 1135 0.092773
7745.1206 170.11 1135 0.092285
7745.2729 170 1135 0.092285
7745.4253 169.72 1135 0.092285
7745.5776 169.45 1135 0.092773
7745.73 169.25 1135 0.092773
7745.8823 169.11 1135 0.092285
7746.0347 169.01 1135 0.092285
7746.1875 168.93 1135 0.092285
7746.3398 168.95 1135 0.092285
7746.4922 169.06 1136 0.092285
7746.6445 169.15 1135 0.091797
7746.7969 169.25 1135 0.091797
7746.9492 169.32 1135 0.091797
7747.1016 169.34 1136 0.091309
7747.2539 169.34 1135 0.091309
7747.4067 169.35 1135 0.091309
7747.5591 169.35 1136 0.09082
7747.7114 169.33 1135 0.09082
7747.8638 169.26 1135 0.09082
7748.0161 169.19 1135 0.09082
7748.1685 169.11 1135 0.091309
7748.3208 169.09 1138 0.091797
7748.4731 169.07 1138 0.091797
7748.6255 169.12 1139 0.091797
7748.7783 169.17 1139 0.091797
7748.9307 169.24 1138 0.091797
7749.083 169.39 1138 0.092285
7749.2354 169.48 1137 0.092285
7749.3877 169.5 1139 0.092285
7749.54 169.47 1139 0.092285
7749.6924 169.44 1140 0.092285
7749.8447 169.41 1140 0.091797
7749.9971 169.44 1139 0.091797
7750.1499 169.47 1138 0.091797
7750.3022 169.53 1139 0.092285
7750.4546 169.55 1139 0.092285
7750.6069 169.58 1138 0.092773
7750.7593 169.55 1139 0.092773
7750.9116 169.54 1141 0.092773
7751.064 169.53 1139 0.092773
7751.2163 169.55 1142 0.092773
7751.3687 169.61 1143 0.092285
7751.5215 169.66 1143 0.092285
7751.6738 169.74 1141 0.092285
7751.8262 169.82 1143 0.092773
7751.9785 169.89 1142 0.092773
7752.1309 169.94 1144 0.092773
7752.2832 169.97 1144 0.092773
7752.4355 170.01 1145 0.092773
7752.5879 170.07 1144 0.092773
7752.7407 170.13 1144 0.092773
7752.8931 170.16 1146 0.092773
7753.0454 170.17 1143 0.092773
7753.1978 170.1 1143 0.092773
7753.3501 169.96 1143 0.092773
7753.5024 169.79 1142 0.092773
7753.6548 169.65 1144 0.092773
7753.8071 169.6 1143 0.093262
7753.9595 169.6 1142 0.093262
7754.1123 169.59 1144 0.093262
7754.2646 169.54 1144 0.093262
7754.417 169.55 1145 0.093262
7754.5693 169.52 1144 0.093262
7754.7217 169.5 1145 0.093262
7754.874 169.42 1146 0.093262
7755.0264 169.41 1144 0.093262
7755.1787 169.44 1144 0.093262
7755.3311 169.51 1143 0.092773
7755.4839 169.51 1144 0.092773
7755.6362 169.43 1141 0.092773
7755.7886 169.36 1143 0.092773
7755.9409 169.29 1144 0.092773
7756.0933 169.2 1144 0.092285
7756.2456 169.17 1143 0.092285
7756.3979 169.13 1143 0.092285
7756.5503 169.03 1144 0.092773
7756.7031 168.9 1143 0.092773
7756.8555 168.95 1143 0.092773
7757.0078 169.08 1141 0.092773
7757.1602 169.19 1141 0.092773
7757.3125 169.29 1139 0.092285
7757.4648 169.37 1139 0.092285
7757.6172 169.45 1139 0.092285
7757.7695 169.44 1141 0.092285
7757.9219 169.37 1142 0.092285
7758.0747 169.33 1143 0.091309
7758.2271 169.37 1141 0.091309
7758.3794 169.42 1141 0.091309
7758.5317 169.46 1142 0.091309
7758.6841 169.45 1142 0.091309
7758.8364 169.39 1142 0.091309
7758.9888 169.32 1143 0.091309
7759.1411 169.27 1144 0.091797
7759.2935 169.23 1144 0.091797
7759.4463 169.19 1141 0.091797
7759.5986 169.21 1142 0.091797
7759.751 169.33 1141 0.091797
7759.9033 169.52 1140 0.091797
7760.0557 169.69 1141 0.091797
7760.208 169.76 1144 0.091797
7760.3604 169.88 1144 0.092285
7760.5127 169.99 1144 0.092285
7760.6655 170.06 1141 0.092285
7760.8179 170.03 1141 0.092285
7760.9702 170.15 1141 0.092285
7761.1226 170.3 1144 0.091797
7761.2749 170.41 1142 0.091797
7761.4272 170.44 1143 0.091797
7761.5796 170.36 1143 0.091797
7761.7319 170.41 1141 0.091797
7761.8843 170.47 1141 0.091797
7762.0371 170.48 1142 0.091309
7762.1895 170.53 1141 0.091309
7762.3418 170.52 1142 0.091309
7762.4941 170.51 1143 0.091309
7762.6465 170.48 1143 0.09082
7762.7988 170.48 1142 0.09082
7762.9512 170.64 1143 0.09082
7763.1035 170.88 1142 0.09082
7763.2559 171.15 1145 0.09082
7763.4087 171.43 1142 0.09082
7763.561 171.69 1142 0.09082
7763.7134 171.91 1143 0.09082
7763.8657 172.09 1144 0.09082
7764.0181 172.26 1145 0.09082
7764.1704 172.37 1142 0.09082
7764.3228 172.48 1143 0.09082
7764.4751 172.55 1145 0.09082
7764.6279 172.5 1146 0.09082
7764.7803 172.4 1146 0.09082
7764.9326 172.3 1149 0.09082
7765.085 172.16 1148 0.09082
7765.2373 172.09 1149 0.09082
7765.3896 172.11 1149 0.09082
7765.542 172.16 1150 0.09082
7765.6943 172.21 1148 0.09082
7765.8467 172.17 1148 0.09082
7765.9995 172.15 1148 0.091309
7766.1519 172.2 1151 0.091309
7766.3042 172.26 1151 0.091309
7766.4565 172.33 1150 0.091309
7766.6089 172.37 1151 0.091309
7766.7612 172.38 1152 0.091309
7766.9136 172.36 1152 0.091309
7767.0659 172.37 1150 0.091309
7767.2183 172.32 1151 0.091797
7767.3711 172.38 1153 0.091797
7767.5234 172.32 1151 0.091797
7767.6758 172.33 1152 0.091797
7767.8281 172.49 1152 0.091797
7767.9805 172.64 1153 0.091797
7768.1328 172.7 1156 0.091797
7768.2852 172.67 1155 0.091797
7768.4375 172.73 1156 0.091797
7768.5903 172.86 1155 0.091797
7768.7427 172.99 1156 0.092285
7768.895 173.07 1156 0.092285
7769.0474 173.02 1156 0.092285
7769.1997 172.99 1156 0.092285
7769.3521 172.94 1156 0.092285
7769.5044 173.13 1156 0.092285
7769.6567 173.34 1158 0.092285
7769.8091 173.37 1155 0.092285
7769.9619 173.3 1156 0.091797
7770.1143 173.3 1155 0.091797
7770.2666 173.35 1155 0.091797
7770.4189 173.36 1155 0.091797
7770.5713 173.35 1155 0.091797
7770.7236 173.35 1156 0.091797
7770.876 173.31 1155 0.091797
7771.0283 173.19 1156 0.091797
7771.1807 173.1 1156 0.091797
7771.3335 173.04 1158 0.091797
7771.4858 172.96 1154 0.091797
7771.6382 172.81 1153 0.091797
7771.7905 172.64 1154 0.091797
7771.9429 172.63 1156 0.091797
7772.0952 172.64 1157 0.091797
7772.2476 172.68 1156 0.091797
7772.3999 172.7 1156 0.091797
7772.5527 172.68 1155 0.091797
7772.7051 172.63 1155 0.091797
7772.8574 172.51 1155 0.091309
7773.0098 172.35 1156 0.091309
7773.1621 172.13 1156 0.091309
7773.3145 171.91 1156 0.091309
7773.4668 171.77 1156 0.091309
7773.6191 171.67 1156 0.09082
7773.7715 171.58 1156 0.09082
7773.9243 171.54 1157 0.090332
7774.0767 171.57 1157 0.090332
7774.229 171.61 1158 0.090332
7774.3813 171.66 1155 0.089844
7774.5337 171.67 1154 0.089844
7774.686 171.65 1156 0.089844
7774.8384 171.6 1156 0.089355
7774.9907 171.61 1157 0.089355
7775.1431 171.65 1158 0.089355
7775.2959 171.63 1158 0.088867
7775.4482 171.46 1158 0.088867
7775.6006 171.43 1158 0.088867
7775.7529 171.44 1158 0.089355
7775.9053 171.12 1160 0.089355
7776.0576 170.76 1157 0.089355
7776.21 170.41 1158 0.089355
7776.3623 170.2 1159 0.089355
7776.5151 170.03 1158 0.089844
7776.6675 170 1159 0.089844
7776.8198 170.02 1159 0.089844
7776.9722 170.08 1159 0.089844
7777.1245 170.16 1160 0.089844
7777.2769 170.28 1160 0.090332
7777.4292 170.46 1162 0.09082
7777.5815 170.58 1161 0.09082
7777.7339 170.61 1159 0.090332
7777.8867 170.67 1159 0.090332
7778.0391 170.69 1159 0.090332
7778.1914 170.74 1159 0.089844
7778.3438 170.84 1159 0.089844
7778.4961 170.86 1159 0.090332
7778.6484 170.89 1161 0.090332
7778.8008 171 1162 0.090332
7778.9531 171.06 1163 0.090332
7779.1055 170.95 1162 0.090332
7779.2583 170.73 1163 0.090332
7779.4106 170.54 1163 0.090332
7779.563 170.39 1163 0.090332
7779.7153 170.29 1164 0.089844
7779.8677 170.25 1164 0.089844
7780.02 170.21 1164 0.089844
7780.1724 170.3 1164 0.089355
7780.3247 170.48 1165 0.089355
7780.4775 170.77 1164 0.089355
7780.6299 171.13 1163 0.089844
7780.7822 171.46 1164 0.089844
7780.9346 171.67 1167 0.089844
7781.0869 171.76 1166 0.089844
7781.2393 171.93 1168 0.089844
7781.3916 172.21 1168 0.089844
7781.5439 172.45 1168 0.089844
7781.6963 172.44 1170 0.089844
7781.8491 172.33 1168 0.090332
7782.0015 172.39 1168 0.090332
7782.1538 172.59 1169 0.090332
7782.3062 172.74 1167 0.090332
7782.4585 172.81 1169 0.090332
7782.6108 172.97 1169 0.090332
7782.7632 173.08 1169 0.090332
7782.9155 173.12 1169 0.090332
7783.0679 173.17 1169 0.090332
7783.2207 173.22 1170 0.090332
7783.373 173.31 1169 0.089844
7783.5254 173.37 1169 0.089844
7783.6777 173.41 1170 0.089844
7783.8301 173.4 1169 0.089844
7783.9824 173.45 1171 0.089844
7784.1348 173.54 1171 0.089844
7784.2871 173.6 1171 0.089844
7784.4395 173.6 1171 0.089844
7784.5923 173.62 1172 0.089844
7784.7446 173.64 1174 0.089844
7784.897 173.69 1172 0.089844
7785.0493 173.67 1172 0.089844
7785.2017 173.68 1173 0.089844
7785.354 173.74 1173 0.089844
7785.5063 173.75 1172 0.089844
7785.6587 173.58 1171 0.089844
7785.8115 173.42 1171 0.089844
7785.9639 173.42 1170 0.089844
7786.1162 173.51 1172 0.089844
7786.2686 173.6 1174 0.090332
7786.4209 173.56 1174 0.090332
7786.5732 173.62 1172 0.090332
7786.7256 173.63 1172 0.090332
7786.8779 173.61 1174 0.090332
7787.0303 173.62 1174 0.090332
7787.1831 173.66 1174 0.090332
7787.3354 173.69 1174 0.090332
7787.4878 173.75 1175 0.090332
7787.6401 173.92 1174 0.090332
7787.7925 173.97 1170 0.090332
7787.9448 173.89 1172 0.090332
7788.0972 173.92 1173 0.089844
7788.2495 173.96 1171 0.089844
7788.4019 173.94 1176 0.090332
7788.5547 173.92 1174 0.090332
7788.707 173.88 1174 0.090332
7788.8594 173.8 1173 0.090332
7789.0117 173.72 1172 0.090332
7789.1641 173.65 1173 0.090332
7789.3164 173.61 1173 0.090332
7789.4688 173.48 1173 0.090332
7789.6211 173.37 1173 0.090332
7789.7739 173.22 1173 0.09082
7789.9263 173.12 1174 0.09082
7790.0786 173.01 1174 0.09082
7790.231 172.9 1174 0.09082
7790.3833 172.8 1175 0.09082
7790.5356 172.78 1173 0.09082
7790.688 172.76 1173 0.09082
7790.8403 172.73 1174 0.09082
7790.9927 172.72 1175 0.09082
7791.1455 172.72 1171 0.09082
7791.2979 172.72 1171 0.09082
7791.4502 172.77 1171 0.091309
7791.6025 172.8 1173 0.091309
7791.7549 172.8 1172 0.091309
7791.9072 172.79 1172 0.091309
7792.0596 172.72 1173 0.09082
7792.2119 172.6 1171 0.09082
7792.3643 172.42 1171 0.09082
7792.5171 172.28 1172 0.091309
7792.6694 172.17 1172 0.091309
7792.8218 172.12 1171 0.091309
7792.9741 172.08 1172 0.091309
7793.1265 172.04 1171 0.091309
7793.2788 172.05 1171 0.091309
7793.4312 172.1 1172 0.091309
7793.5835 172.15 1173 0.091309
7793.7363 172.23 1174 0.091797
7793.8887 172.3 1173 0.091797
7794.041 172.39 1174 0.091797
7794.1934 172.44 1172 0.091797
7794.3457 172.39 1171 0.091797
7794.498 172.29 1172 0.091797
7794.6504 172.18 1172 0.091797
7794.8027 172.05 1172 0.091797
7794.9551 171.97 1172 0.091797
7795.1079 171.98 1173 0.091797
7795.2603 172 1172 0.091797
7795.4126 171.99 1171 0.091797
7795.5649 171.95 1170 0.091797
7795.7173 171.9 1172 0.091797
7795.8696 171.75 1172 0.091797
7796.022 171.3 1170 0.091797
7796.1743 170.78 1169 0.091797
7796.3267 170.35 1170 0.092285
7796.4795 170.12 1172 0.092285
7796.6318 170.09 1170 0.092285
7796.7842 170.07 1169 0.092773
7796.9365 169.93 1170 0.092773
7797.0889 169.81 1170 0.092773
7797.2412 169.59 1170 0.092773
7797.3936 169.24 1173 0.092773
7797.5459 168.82 1171 0.093262
7797.6987 168.48 1170 0.093262
7797.8511 168.13 1170 0.093262
7798.0034 167.75 1169 0.09375
7798.1558 167.27 1169 0.09375
7798.3081 166.82 1170 0.09375
7798.4604 166.39 1168 0.094238
7798.6128 166.05 1169 0.094238
7798.7651 165.56 1167 0.094238
7798.9175 164.83 1167 0.094238
7799.0703 163.82 1169 0.094238
7799.2227 162.73 1174 0.094238
7799.375 162.4 1173 0.094238
7799.5273 162.64 1172 0.094238
7799.6797 162.73 1172 0.09375
7799.832 162.76 1171 0.09375
7799.9844 162.75 1174 0.092285
7800.1367 162.74 1173 0.091797
7800.2891 162.67 1171 0.091797
7800.4419 162.64 1170 0.091797
7800.5942 162.77 1171 0.091797
7800.7466 163.09 1174 0.091797
7800.8989 163.34 1173 0.091797
7801.0513 163.49 1174 0.091797
7801.2036 163.61 1174 0.092285
7801.356 163.71 1174 0.092773
7801.5083 163.78 1175 0.092285
7801.6611 163.84 1179 0.090332
7801.8135 163.95 1176 0.090332
7801.9658 164.12 1179 0.090332
7802.1182 163.83 1180 0.09082
7802.2705 163.91 1188 0.09082
7802.4229 164.09 1190 0.09082
7802.5752 164.28 1190 0.09082
7802.7275 164.54 1194 0.09082
7802.8799 164.91 1192 0.090332
7803.0327 165.31 1192 0.090332
7803.1851 165.55 1192 0.090332
7803.3374 165.82 1192 0.090332
7803.4897 166.13 1191 0.090332
7803.6421 166.37 1192 0.090332
7803.7944 166.59 1192 0.09082
7803.9468 166.83 1193 0.09082
7804.0991 167.12 1192 0.090332
7804.2515 167.51 1192 0.090332
7804.4043 167.68 1192 0.090332
7804.5566 167.91 1189 0.09082
7804.709 168.06 1190 0.09082
7804.8613 168.2 1191 0.09082
7805.0137 168.32 1191 0.090332
7805.166 168.13 1196 0.090332
7805.3184 167.86 1197 0.090332
7805.4707 167.38 1196 0.090332
7805.6235 166.8 1193 0.090332
7805.7759 166.57 1221 0.090332
7805.9282 166.6 1247 0.090332
7806.0806 166.66 1268 0.090332
7806.2329 166.69 1284 0.090332
7806.3853 166.69 1290 0.090332
7806.5376 166.7 1292 0.090332
7806.6899 166.63 1260 0.090332
7806.8423 166.7 1179 0.090332
7806.9951 166.61 1180 0.090332
7807.1475 166.56 1183 0.09082
7807.2998 166.52 1185 0.09082
7807.4521 166.51 1181 0.090332
7807.6045 166.55 1182 0.090332
7807.7568 166.59 1179 0.090332
7807.9092 166.73 1181 0.09082
7808.0615 166.88 1183 0.09082
7808.2139 166.97 1179 0.09082
7808.3667 167.09 1177 0.09082
7808.519 167.18 1173 0.09082
7808.6714 167.29 1187 0.09082
7808.8237 167.45 1186 0.09082
7808.9761 167.62 1192 0.09082
7809.1284 167.79 1185 0.09082
7809.2808 167.81 1198 0.09082
7809.4331 167.88 1202 0.09082
7809.5859 167.98 1201 0.090332
7809.7383 168.11 1199 0.090332
7809.8906 168.28 1192 0.090332
7810.043 168.44 1192 0.090332
7810.1953 168.57 1185 0.090332
7810.3477 168.67 1188 0.090332
7810.5 168.8 1189 0.090332
7810.6523 168.95 1188 0.090332
7810.8047 169.07 1187 0.090332
7810.9575 169.17 1186 0.090332
7811.1099 169.28 1189 0.090332
7811.2622 169.38 1190 0.090332
7811.4146 169.48 1187 0.090332
7811.5669 169.54 1194 0.090332
7811.7192 169.6 1192 0.090332
7811.8716 169.6 1192 0.090332
7812.0239 169.72 1194 0.090332
7812.1763 169.8 1192 0.090332
7812.3291 169.83 1181 0.090332
7812.4814 169.95 1187 0.090332
7812.6338 170.05 1188 0.090332
7812.7861 170.13 1194 0.090332
7812.9385 170.17 1193 0.090332
7813.0908 170.16 1192 0.090332
7813.2432 170.23 1186 0.090332
7813.3955 170.29 1187 0.090332
7813.5483 170.31 1188 0.090332
7813.7007 170.39 1190 0.090332
7813.853 170.41 1190 0.090332
7814.0054 170.4 1196 0.090332
7814.1577 170.4 1193 0.090332
7814.3101 170.35 1190 0.090332
7814.4624 170.32 1191 0.090332
7814.6147 170.29 1199 0.090332
7814.7671 170.27 1196 0.090332
7814.9199 170.25 1193 0.090332
7815.0723 170.22 1193 0.090332
7815.2246 170.24 1200 0.090332
7815.377 170.21 1205 0.090332
7815.5293 170.21 1210 0.090332
7815.6816 170.2 1216 0.090332
7815.834 170.19 1198 0.090332
7815.9863 170.22 1195 0.090332
7816.1387 170.22 1193 0.089844
7816.2915 170.2 1178 0.089844
7816.4438 170.22 1191 0.090332
7816.5962 170.25 1192 0.090332
7816.7485 170.23 1199 0.090332
7816.9009 170.18 1184 0.090332
7817.0532 170.15 1144 0.090332
7817.2056 170.14 1142 0.090332
7817.3579 170.13 1147 0.090332
7817.5103 170.11 1151 0.090332
7817.6631 170.11 1155 0.090332
7817.8154 170.11 1154 0.089844
7817.9678 170.11 1143 0.089844
7818.1201 170.14 1141 0.090332
7818.2725 170.14 1148 0.090332
7818.4248 170.16 1150 0.090332
7818.5771 170.18 1159 0.089844
7818.7295 170.19 1180 0.089844
7818.8823 170.18 1170 0.089844
7819.0347 170.19 1175 0.090332
7819.187 170.23 1183 0.090332
7819.3394 170.25 1167 0.090332
7819.4917 170.32 1180 0.090332
7819.644 170.37 1182 0.090332
7819.7964 170.39 1169 0.090332
7819.9487 170.41 1185 0.090332
7820.1011 170.41 1186 0.090332
7820.2539 170.42 1180 0.090332
7820.4063 170.37 1173 0.090332
7820.5586 170.35 1169 0.090332
7820.7109 170.34 1176 0.090332
7820.8633 170.39 1179 0.090332
7821.0156 170.45 1169 0.090332
7821.168 170.51 1178 0.090332
7821.3203 170.55 1185 0.090332
7821.4727 170.55 1182 0.090332
7821.6255 170.55 1183 0.090332
7821.7778 170.55 1185 0.090332
7821.9302 170.61 1185 0.090332
7822.0825 170.67 1182 0.09082
7822.2349 170.71 1200 0.09082
7822.3872 170.72 1192 0.09082
7822.5396 170.78 1179 0.09082
7822.6919 170.88 1181 0.09082
7822.8447 170.99 1185 0.090332
7822.9971 171.09 1188 0.090332
7823.1494 171.21 1188 0.090332
7823.3018 171.3 1178 0.09082
7823.4541 171.35 1177 0.09082
7823.6064 171.32 1174 0.09082
7823.7588 171.29 1190 0.09082
7823.9111 171.27 1192 0.09082
7824.0635 171.25 1179 0.09082
7824.2163 171.25 1178 0.09082
7824.3687 171.24 1171 0.09082
7824.521 171.17 1176 0.09082
7824.6733 171.13 1197 0.09082
7824.8257 171.08 1197 0.09082
7824.978 171.06 1187 0.091309
7825.1304 171.06 1181 0.091309
7825.2827 171.08 1182 0.091309
7825.4351 171.08 1182 0.09082
7825.5879 171.19 1181 0.09082
7825.7402 171.35 1184 0.09082
7825.8926 171.49 1194 0.09082
7826.0449 171.51 1187 0.09082
7826.1973 171.41 1187 0.09082
7826.3496 171.32 1182 0.091309
7826.502 171.28 1179 0.091309
7826.6543 171.31 1181 0.091309
7826.8071 171.38 1177 0.09082
7826.9595 171.42 1168 0.09082
7827.1118 171.46 1169 0.09082
7827.2642 171.47 1179 0.09082
7827.4165 171.48 1186 0.09082
7827.5688 171.49 1193 0.09082
7827.7212 171.48 1180 0.09082
7827.8735 171.47 1177 0.09082
7828.0259 171.45 1202 0.09082
7828.1787 171.44 1171 0.09082
7828.3311 171.42 1173 0.09082
7828.4834 171.4 1186 0.09082
7828.6357 171.36 1188 0.09082
7828.7881 171.32 1188 0.09082
7828.9404 171.28 1178 0.09082
7829.0928 171.26 1176 0.09082
7829.2451 171.29 1180 0.09082
7829.3975 171.26 1185 0.09082
7829.5503 171.26 1179 0.09082
7829.7026 171.29 1186 0.09082
7829.855 171.32 1174 0.09082
7830.0073 171.37 1171 0.091309
7830.1597 171.38 1181 0.091309
7830.312 171.42 1183 0.091309
7830.4644 171.42 1197 0.091309
7830.6167 171.38 1196 0.091309
7830.7695 171.38 1197 0.091797
7830.9219 171.4 1196 0.091797
7831.0742 171.44 1190 0.091797
7831.2266 171.51 1177 0.091797
7831.3789 171.6 1184 0.091797
7831.5313 171.64 1180 0.091797
7831.6836 171.62 1167 0.091309
7831.8359 171.56 1145 0.091309
7831.9883 171.45 1187 0.091309
7832.1411 171.38 1186 0.091309
7832.2935 171.33 1188 0.091309
7832.4458 171.11 1183 0.091309
7832.5981 170.88 1191 0.091309
7832.7505 170.7 1202 0.091309
7832.9028 170.65 1191 0.091309
7833.0552 170.59 1200 0.091309
7833.2075 170.56 1188 0.091309
7833.3599 170.53 1173 0.091309
7833.5127 170.49 1188 0.091309
7833.665 170.47 1188 0.091309
7833.8174 170.46 1195 0.091309
7833.9697 170.45 1198 0.091309
7834.1221 170.45 1198 0.091797
7834.2744 170.46 1197 0.091797
7834.4268 170.43 1191 0.092285
7834.5791 170.45 1176 0.092285
7834.7319 170.47 1195 0.092285
7834.8843 170.47 1193 0.091309
7835.0366 170.49 1188 0.091309
7835.189 170.47 1186 0.091309
7835.3413 170.48 1196 0.091309
7835.4937 170.48 1194 0.091309
7835.646 170.49 1190 0.091797
7835.7983 170.47 1193 0.091797
7835.9507 170.45 1193 0.091797
7836.1035 170.43 1201 0.092285
7836.2559 170.4 1210 0.092285
7836.4082 170.41 1193 0.091797
7836.5605 170.41 1229 0.091797
7836.7129 170.39 1207 0.091797
7836.8652 170.4 1190 0.091797
7837.0176 170.44 1210 0.091797
7837.1699 170.48 1195 0.091797
7837.3223 170.5 1195 0.092285
7837.4751 170.52 1189 0.092285
7837.6274 170.55 1195 0.091797
7837.7798 170.54 1197 0.091797
7837.9321 170.54 1211 0.092285
7838.0845 170.49 1185 0.091797
7838.2368 170.45 1171 0.091797
7838.3892 170.4 1196 0.091797
7838.5415 170.37 1202 0.091797
7838.6943 170.33 1186 0.091797
7838.8467 170.32 1176 0.091797
7838.999 170.28 1174 0.091797
7839.1514 170.21 1181 0.091797
7839.3037 170.18 1191 0.091797
7839.4561 170.14 1184 0.091797
7839.6084 170.12 1185 0.091797
7839.7607 170.11 1192 0.091797
7839.9131 170.11 1203 0.091797
7840.0659 170.12 1212 0.091309
7840.2183 170.11 1212 0.091309
7840.3706 170.13 1203 0.091309
7840.5229 170.15 1196 0.091309
7840.6753 170.14 1215 0.091309
7840.8276 170.07 1215 0.091309
7840.98 169.99 1212 0.091309
7841.1323 169.95 1212 0.091309
7841.2847 169.88 1206 0.091797
7841.4375 169.83 1214 0.091797
7841.5898 169.74 1213 0.091797
7841.7422 169.69 1223 0.091797
7841.8945 169.67 1218 0.091797
7842.0469 169.67 1221 0.092285
7842.1992 169.66 1234 0.092285
7842.3516 169.7 1224 0.092285
7842.5039 169.8 1228 0.092285
7842.6567 169.91 1223 0.092285
7842.8091 169.97 1221 0.092285
7842.9614 170 1217 0.092285
7843.1138 170.09 1198 0.092285
7843.2661 170.26 1204 0.092285
7843.4185 170.36 1203 0.092285
7843.5708 170.43 1207 0.092285
7843.7231 170.47 1178 0.092773
7843.8755 170.41 1181 0.092773
7844.0283 170.33 1196 0.092773
7844.1807 170.21 1222 0.092773
7844.333 170.1 1207 0.092773
7844.4854 169.96 1199 0.092285
7844.6377 169.78 1199 0.092285
7844.79 169.68 1200 0.092773
7844.9424 169.57 1207 0.092773
7845.0947 169.45 1195 0.092773
7845.2471 169.36 1195 0.092285
7845.3999 169.29 1202 0.092285
7845.5522 169.3 1204 0.092285
7845.7046 169.31 1194 0.092773
7845.8569 169.44 1195 0.092773
7846.0093 169.49 1196 0.092773
7846.1616 169.46 1189 0.092773
7846.314 169.45 1174 0.092773
7846.4663 169.49 1187 0.092285
7846.6191 169.66 1189 0.092285
7846.7715 169.92 1175 0.092285
7846.9238 170.18 1183 0.091797
7847.0762 170.35 1190 0.091797
7847.2285 170.44 1199 0.092285
7847.3809 170.51 1205 0.092285
7847.5332 170.55 1193 0.092285
7847.6855 170.58 1183 0.092285
7847.8379 170.58 1178 0.092285
7847.9907 170.59 1190 0.092285
7848.1431 170.6 1193 0.092285
7848.2954 170.54 1193 0.092285
7848.4478 170.33 1189 0.092285
7848.6001 170.02 1193 0.092285
7848.7524 169.83 1179 0.091797
7848.9048 169.7 1192 0.091797
7849.0571 169.63 1204 0.091797
7849.2095 169.64 1214 0.092285
7849.3623 169.47 1199 0.092285
7849.5146 169.19 1199 0.092285
7849.667 169.07 1200 0.092285
7849.8193 169 1199 0.092285
7849.9717 168.87 1223 0.092285
7850.124 168.73 1235 0.092285
7850.2764 168.66 1239 0.092285
7850.4287 168.66 1234 0.092285
7850.5811 168.72 1224 0.092285
7850.7339 168.9 1223 0.092285
7850.8862 169 1221 0.092285
7851.0386 169.08 1231 0.092285
7851.1909 169.15 1224 0.092285
7851.3433 169.21 1219 0.092285
7851.4956 169.32 1215 0.092285
7851.6479 169.42 1235 0.092773
7851.8003 169.55 1243 0.092773
7851.9531 169.66 1240 0.092773
7852.1055 169.78 1229 0.092773
7852.2578 169.89 1199 0.092773
7852.4102 169.97 1193 0.092773
7852.5625 170.03 1193 0.092773
7852.7148 170.08 1202 0.092285
7852.8672 170.14 1194 0.092285
7853.0195 170.25 1212 0.092285
7853.1719 170.28 1193 0.091797
7853.3247 170.3 1180 0.091797
7853.4771 170.22 1191 0.091797
7853.6294 170.11 1189 0.091797
7853.7817 170.05 1188 0.091797
7853.9341 169.88 1201 0.091797
7854.0864 169.68 1208 0.091797
7854.2388 169.51 1208 0.091797
7854.3911 169.26 1202 0.091797
7854.5435 169.04 1213 0.091797
7854.6963 168.87 1206 0.092285
7854.8486 168.77 1211 0.092285
7855.001 168.79 1215 0.092285
7855.1533 168.79 1201 0.092285
7855.3057 168.7 1204 0.092285
7855.458 168.56 1209 0.092773
7855.6104 168.41 1199 0.092773
7855.7627 168.29 1195 0.092285
7855.9155 168.3 1198 0.092285
7856.0679 168.35 1211 0.092285
7856.2202 168.34 1194 0.092773
7856.3726 168.27 1206 0.092773
7856.5249 168.07 1218 0.092773
7856.6772 167.78 1215 0.092285
7856.8296 167.42 1232 0.092285
7856.9819 167.06 1220 0.092285
7857.1343 166.91 1223 0.092285
7857.2871 166.92 1222 0.091797
7857.4395 166.86 1229 0.091797
7857.5918 166.71 1218 0.091797
7857.7441 166.58 1224 0.091797
7857.8965 166.47 1244 0.091797
7858.0488 166.45 1227 0.091797
7858.2012 166.41 1220 0.091309
7858.3535 166.39 1224 0.091309
7858.5059 166.34 1234 0.091797
7858.6587 166.3 1233 0.091797
7858.811 166.28 1230 0.091797
7858.9634 166.28 1233 0.091797
7859.1157 166.22 1228 0.091797
7859.2681 166.24 1223 0.091797
7859.4204 166.23 1209 0.091797
7859.5728 166.21 1210 0.091797
7859.7251 166.19 1212 0.092285
7859.8779 166.16 1222 0.092285
7860.0303 166.14 1230 0.092285
7860.1826 166.15 1225 0.092285
7860.335 166.12 1228 0.092285
7860.4873 166.15 1226 0.092285
7860.6396 166.13 1230 0.091797
7860.792 166.11 1239 0.092285
7860.9443 166.08 1238 0.092285
7861.0967 166.05 1234 0.092285
7861.2495 166.04 1219 0.092285
7861.4019 166.03 1216 0.092285
7861.5542 166.03 1229 0.092285
7861.7065 166.05 1237 0.092773
7861.8589 166.05 1270 0.092773
7862.0112 166.05 1264 0.092773
7862.1636 166.03 1247 0.092773
7862.3159 166.02 1242 0.092773
7862.4683 166.01 1223 0.093262
7862.6211 165.99 1234 0.093262
7862.7734 166 1224 0.093262
7862.9258 166 1246 0.093262
7863.0781 166.01 1231 0.093262
7863.2305 166.01 1244 0.093262
7863.3828 166.03 1240 0.093262
7863.5352 166.02 1228 0.093262
7863.6875 166.03 1231 0.093262
7863.8403 166.04 1233 0.093262
7863.9927 166.04 1214 0.093262
7864.145 166.05 1213 0.092773
7864.2974 166.06 1204 0.092773
7864.4497 166.04 1214 0.091797
7864.6021 166.08 1222 0.091309
7864.7544 166.09 1225 0.091309
7864.9067 166.11 1206 0.091309
7865.0591 166.11 1252 0.091309
7865.2119 166.12 1240 0.091309
7865.3643 166.12 1242 0.091309
7865.5166 166.12 1230 0.091309
7865.6689 166.14 1258 0.091309
7865.8213 166.16 1231 0.091797
7865.9736 166.17 1218 0.091797
7866.126 166.2 1244 0.091309
7866.2783 166.22 1241 0.091309
7866.4307 166.24 1235 0.091309
7866.5835 166.24 1229 0.09082
7866.7358 166.28 1214 0.09082
7866.8882 166.31 1225 0.09082
7867.0405 166.33 1239 0.09082
7867.1929 166.35 1302 0.09082
7867.3452 166.36 1287 0.091309
7867.4976 166.37 1270 0.091309
7867.6499 166.36 1228 0.091309
7867.8027 166.38 1221 0.091797
7867.9551 166.38 1231 0.091797
7868.1074 166.41 1242 0.091309
7868.2598 166.42 1231 0.091309
7868.4121 166.44 1226 0.091309
7868.5645 166.46 1234 0.091309
7868.7168 166.5 1243 0.091309
7868.8691 166.55 1220 0.091309
7869.0215 166.54 1219 0.09082
7869.1743 166.58 1223 0.09082
7869.3267 166.6 1231 0.091309
7869.479 166.64 1227 0.091309
7869.6313 166.67 1226 0.091309
7869.7837 166.68 1229 0.091309
7869.936 166.71 1239 0.09082
7870.0884 166.72 1239 0.09082
7870.2407 166.76 1239 0.091309
7870.3931 166.81 1242 0.091309
7870.5459 166.83 1231 0.091309
7870.6982 166.86 1239 0.091309
7870.8506 166.87 1248 0.091309
7871.0029 166.91 1244 0.091309
7871.1553 166.91 1259 0.091309
7871.3076 166.91 1264 0.091309
7871.46 166.96 1264 0.091797
7871.6123 166.97 1247 0.091797
7871.7651 167.01 1254 0.091797
7871.9175 167.11 1249 0.091309
7872.0698 167.06 1229 0.091309
7872.2222 167.06 1225 0.091797
7872.3745 167.08 1229 0.091797
7872.5269 167.12 1233 0.091797
7872.6792 167.14 1233 0.091309
7872.8315 167.16 1233 0.091309
7872.9839 167.18 1237 0.091309
7873.1367 167.24 1236 0.091797
7873.2891 167.26 1243 0.091797
7873.4414 167.32 1250 0.091309
7873.5938 167.39 1239 0.091309
7873.7461 167.47 1235 0.091309
7873.8984 167.57 1234 0.091797
7874.0508 167.77 1237 0.091797
7874.2031 167.99 1255 0.091797
7874.3555 168.18 1249 0.091309
7874.5083 168.3 1246 0.091309
7874.6606 168.39 1240 0.091309
7874.813 168.49 1275 0.091309
7874.9653 168.56 1262 0.091309
7875.1177 168.63 1254 0.091309
7875.27 168.7 1276 0.091309
7875.4224 168.74 1299 0.091797
7875.5747 168.75 1263 0.091797
7875.7275 168.74 1253 0.091797
7875.8799 168.76 1262 0.091797
7876.0322 168.83 1265 0.092285
7876.1846 168.86 1259 0.092285
7876.3369 168.94 1249 0.091797
7876.4893 169.03 1248 0.091797
7876.6416 169.09 1244 0.091797
7876.7939 169.18 1291 0.092285
7876.9463 169.32 1296 0.092285
7877.0991 169.43 1281 0.092285
7877.2515 169.48 1270 0.092773
7877.4038 169.53 1268 0.092773
7877.5562 169.58 1265 0.092773
7877.7085 169.59 1248 0.092773
7877.8608 169.61 1242 0.092773
7878.0132 169.55 1255 0.092285
7878.1655 169.53 1252 0.092285
7878.3179 169.54 1239 0.092773
7878.4707 169.54 1251 0.092773
7878.623 169.54 1253 0.092773
7878.7754 169.51 1256 0.092773
7878.9277 169.58 1257 0.092773
7879.0801 169.64 1254 0.092773
7879.2324 169.69 1254 0.092773
7879.3848 169.67 1272 0.092773
7879.5371 169.65 1265 0.092773
7879.6899 169.66 1260 0.09375
7879.8423 169.57 1257 0.09375
7879.9946 169.57 1258 0.09375
7880.147 169.59 1253 0.09375
7880.2993 169.6 1261 0.09375
7880.4517 169.65 1280 0.095215
7880.604 169.74 1251 0.095215
7880.7563 169.75 1246 0.095215
7880.9087 169.76 1269 0.094238
7881.0615 169.78 1264 0.094238
7881.2139 169.73 1261 0.094727
7881.3662 169.68 1253 0.094727
7881.5186 169.59 1265 0.094727
7881.6709 169.46 1263 0.095703
7881.8232 169.34 1254 0.095703
7881.9756 169.23 1271 0.095703
7882.1279 169.2 1279 0.095215
7882.2803 169.18 1290 0.095215
7882.4331 169.23 1300 0.095703
7882.5854 169.36 1280 0.09668
7882.7378 169.54 1273 0.09668
7882.8901 169.7 1268 0.095703
7883.0425 169.77 1267 0.095215
7883.1948 169.8 1267 0.095215
7883.3472 169.78 1267 0.096191
7883.4995 169.66 1264 0.09668
7883.6519 169.52 1283 0.096191
7883.8047 169.44 1273 0.095703
7883.957 169.26 1252 0.095703
7884.1094 169.08 1252 0.095215
7884.2617 168.89 1249 0.095215
7884.4141 168.68 1258 0.095215
7884.5664 168.45 1259 0.095703
7884.7188 168.31 1255 0.096191
7884.8711 168.07 1256 0.096191
7885.0239 167.82 1255 0.096191
7885.1763 167.59 1253 0.096191
7885.3286 167.28 1262 0.096191
7885.481 166.81 1262 0.096191
7885.6333 166.4 1267 0.096191
7885.7856 166.11 1261 0.09668
7885.938 166 1258 0.097656
7886.0903 165.88 1250 0.097168
7886.2427 165.69 1252 0.097656
7886.3955 165.53 1258 0.097656
7886.5479 165.57 1258 0.097656
7886.7002 165.66 1258 0.096191
7886.8525 165.61 1255 0.096191
7887.0049 165.74 1263 0.096191
7887.1572 166.15 1255 0.095703
7887.3096 166.54 1261 0.095703
7887.4619 166.49 1263 0.096191
7887.6143 166.63 1267 0.096191
7887.7671 166.87 1272 0.096191
7887.9194 167.27 1278 0.096191
7888.0718 167.75 1283 0.096191
7888.2241 167.86 1273 0.095703
7888.3765 167.63 1268 0.094238
7888.5288 167.79 1280 0.094238
7888.6812 168.31 1272 0.094727
7888.8335 168.9 1257 0.094727
7888.9863 169.46 1257 0.094727
7889.1387 170.04 1258 0.094727
7889.291 170.73 1272 0.094727
7889.4434 171.42 1276 0.094727
7889.5957 171.82 1281 0.092773
7889.748 172.05 1282 0.092773
7889.9004 172.3 1270 0.092773
7890.0527 172.55 1251 0.093262
7890.2051 172.83 1249 0.093262
7890.3579 173.05 1264 0.093262
7890.5103 173.31 1203 0.093262
7890.6626 173.27 1266 0.093262
7890.8149 172.45 1277 0.095215
7890.9673 171.68 1268 0.095215
7891.1196 171.3 1261 0.094727
7891.272 171.16 1257 0.094238
7891.4243 171.09 1240 0.094238
7891.5767 171.05 1268 0.092773
7891.7295 171.05 1265 0.091797
7891.8818 171.05 1259 0.091797
7892.0342 171.1 1257 0.092285
7892.1865 171.12 1240 0.092285
7892.3389 171.14 1232 0.092285
7892.4912 171.21 1255 0.093262
7892.6436 171.25 1272 0.093262
7892.7959 171.32 1263 0.093262
7892.9487 171.43 1262 0.093262
7893.1011 171.49 1266 0.093262
7893.2534 171.59 1265 0.092773
7893.4058 171.7 1295 0.092773
7893.5581 171.78 1296 0.092773
7893.7104 171.87 1300 0.094727
7893.8628 172.03 1270 0.094727
7894.0151 171.96 1277 0.094238
7894.1675 171.7 1275 0.093262
7894.3203 171.5 1269 0.093262
7894.4727 171.36 1267 0.093262
7894.625 171.16 1266 0.093262
7894.7773 170.96 1263 0.093262
7894.9297 170.54 1265 0.093262
7895.082 170.03 1264 0.093262
7895.2344 169.75 1263 0.093262
7895.3867 169.7 1272 0.092773
7895.5391 169.86 1267 0.092773
7895.6919 170.08 1260 0.092773
7895.8442 170.21 1254 0.091797
7895.9966 170.33 1256 0.091797
7896.1489 170.42 1256 0.092285
7896.3013 170.54 1259 0.092773
7896.4536 170.74 1271 0.092773
7896.606 171.01 1255 0.092773
7896.7583 171.28 1259 0.092773
7896.9111 171.62 1254 0.092773
7897.0635 171.94 1246 0.092285
7897.2158 172.25 1243 0.092285
7897.3682 172.49 1260 0.092285
7897.5205 172.52 1267 0.091309
7897.6729 172.5 1263 0.091309
7897.8252 172.57 1259 0.091797
7897.9775 172.64 1256 0.091797
7898.1299 172.73 1246 0.091797
7898.2827 172.86 1248 0.091797
7898.4351 173.01 1251 0.091309
7898.5874 173.14 1271 0.091309
7898.7397 173.23 1276 0.091797
7898.8921 173.32 1279 0.091797
7899.0444 173.39 1285 0.091797
7899.1968 173.48 1268 0.09082
7899.3491 173.64 1274 0.09082
7899.5015 173.7 1268 0.09082
7899.6543 173.56 1259 0.09082
7899.8066 173.26 1276 0.09082
7899.959 173.03 1276 0.091309
7900.1113 172.81 1274 0.091309
7900.2637 172.72 1272 0.091309
7900.416 172.65 1265 0.09082
7900.5684 172.61 1267 0.09082
7900.7207 172.53 1270 0.09082
7900.8735 172.55 1266 0.090332
7901.0259 172.61 1268 0.090332
7901.1782 172.77 1268 0.09082
7901.3306 173.01 1272 0.091309
7901.4829 173.19 1276 0.091309
7901.6353 173.49 1273 0.091309
7901.7876 173.82 1269 0.091309
7901.9399 174.13 1268 0.091309
7902.0923 174.29 1274 0.091309
7902.2451 174.36 1277 0.091309
7902.3975 174.3 1278 0.091309
7902.5498 174.32 1275 0.09082
7902.7021 174.48 1271 0.09082
7902.8545 174.64 1273 0.09082
7903.0068 174.77 1278 0.09082
7903.1592 174.87 1281 0.09082
7903.3115 174.9 1273 0.09082
7903.4639 174.84 1269 0.091309
7903.6167 174.81 1266 0.091309
7903.769 174.8 1267 0.090332
7903.9214 174.84 1266 0.090332
7904.0737 174.85 1267 0.090332
7904.2261 174.85 1264 0.090332
7904.3784 174.87 1270 0.090332
7904.5308 174.91 1276 0.090332
7904.6831 175.05 1276 0.090332
7904.8359 175.23 1277 0.090332
7904.9883 175.49 1272 0.090332
7905.1406 175.8 1271 0.089844
7905.293 176.07 1268 0.089844
7905.4453 176.22 1272 0.089355
7905.5977 176.3 1274 0.089355
7905.75 176.3 1267 0.089355
7905.9023 176.35 1259 0.089355
7906.0547 176.44 1266 0.089355
7906.2075 176.63 1274 0.089355
7906.3599 176.88 1274 0.089355
7906.5122 177.08 1269 0.089355
7906.6646 177.21 1273 0.089355
7906.8169 177.32 1275 0.089844
7906.9692 177.39 1275 0.089844
7907.1216 177.48 1279 0.089355
7907.2739 177.57 1284 0.089355
7907.4263 177.65 1267 0.089355
7907.5791 177.73 1261 0.089844
7907.7314 177.78 1268 0.090332
7907.8838 177.88 1276 0.090332
7908.0361 177.94 1269 0.089844
7908.1885 178 1272 0.089844
7908.3408 178.09 1274 0.089844
7908.4932 178.14 1273 0.090332
7908.6455 178.16 1263 0.090332
7908.7983 178.07 1264 0.090332
7908.9507 177.85 1270 0.090332
7909.103 177.65 1271 0.090332
7909.2554 177.54 1260 0.090332
7909.4077 177.54 1265 0.090332
7909.5601 177.63 1269 0.090332
7909.7124 177.72 1271 0.090332
7909.8647 177.78 1273 0.090332
7910.0171 177.86 1274 0.090332
7910.1699 177.95 1271 0.089844
7910.3223 177.94 1275 0.089844
7910.4746 177.97 1274 0.089844
7910.627 177.99 1281 0.089355
7910.7793 178.02 1285 0.089355
7910.9316 178.07 1285 0.089355
7911.084 178.13 1278 0.088867
7911.2363 178.18 1282 0.088867
7911.3887 178.23 1279 0.088379
7911.5415 178.29 1276 0.088379
7911.6938 178.34 1277 0.088379
7911.8462 178.4 1272 0.087891
7911.9985 178.47 1270 0.087402
7912.1509 178.54 1271 0.087402
7912.3032 178.59 1276 0.086914
7912.4556 178.63 1277 0.086914
7912.6079 178.71 1282 0.086914
7912.7603 178.78 1266 0.086914
7912.9131 178.85 1268 0.086914
7913.0654 178.91 1262 0.086914
7913.2178 178.96 1262 0.086426
7913.3701 179.01 1271 0.086426
7913.5225 179.07 1268 0.086426
7913.6748 179.12 1267 0.086426
7913.8271 179.11 1268 0.086426
7913.9795 179.09 1263 0.086426
7914.1323 179.1 1266 0.086426
7914.2847 179.12 1268 0.086426
7914.437 179.15 1267 0.086426
7914.5894 179.13 1269 0.086426
7914.7417 179.14 1273 0.086426
7914.894 179.16 1275 0.086426
7915.0464 179.18 1276 0.086426
7915.1987 179.2 1276 0.086426
7915.3511 179.25 1274 0.086914
7915.5039 179.31 1277 0.086914
7915.6563 179.35 1273 0.086914
7915.8086 179.37 1268 0.086426
7915.9609 179.34 1266 0.086426
7916.1133 179.25 1265 0.086426
7916.2656 179.18 1274 0.086426
7916.418 179.1 1268 0.086426
7916.5703 179.06 1270 0.086426
7916.7227 178.99 1265 0.086426
7916.8755 178.94 1266 0.086426
7917.0278 178.93 1276 0.086426
7917.1802 178.9 1273 0.086426
7917.3325 178.87 1274 0.086426
7917.4849 178.83 1281 0.086426
7917.6372 178.81 1268 0.086426
7917.7896 178.81 1261 0.086426
7917.9419 178.8 1264 0.086426
7918.0947 178.79 1264 0.086426
7918.2471 178.8 1271 0.086426
7918.3994 178.85 1272 0.086914
7918.5518 178.91 1274 0.086914
7918.7041 178.95 1274 0.086914
7918.8564 179 1270 0.086914
7919.0088 179.06 1274 0.086914
7919.1611 179.15 1274 0.086914
7919.3135 179.23 1269 0.086914
7919.4663 179.32 1269 0.086914
7919.6187 179.4 1265 0.086914
7919.771 179.47 1268 0.086914
7919.9233 179.49 1269 0.086914
7920.0757 179.53 1267 0.086426
7920.228 179.55 1275 0.086426
7920.3804 179.55 1271 0.086914
7920.5327 179.54 1269 0.086914
7920.6851 179.53 1270 0.086914
7920.8379 179.49 1279 0.086914
7920.9902 179.46 1277 0.086426
7921.1426 179.41 1279 0.086426
7921.2949 179.37 1274 0.086914
7921.4473 179.28 1267 0.086426
7921.5996 179.04 1274 0.086426
7921.752 178.84 1271 0.086914
7921.9043 178.7 1269 0.086914
7922.0571 178.64 1271 0.086914
7922.2095 178.67 1271 0.086914
7922.3618 178.69 1275 0.086914
7922.5142 178.72 1281 0.086426
7922.6665 178.78 1279 0.086426
7922.8188 178.84 1275 0.086426
7922.9712 178.92 1267 0.086426
7923.1235 178.98 1287 0.086426
7923.2759 179.1 1283 0.086426
7923.4287 179.19 1281 0.085938
7923.5811 179.31 1281 0.085938
7923.7334 179.39 1270 0.085938
7923.8857 179.48 1276 0.085938
7924.0381 179.54 1274 0.085938
7924.1904 179.57 1273 0.085938
7924.3428 179.61 1283 0.085938
7924.4951 179.69 1278 0.085938
7924.6475 179.74 1275 0.085938
7924.8003 179.76 1274 0.086426
7924.9526 179.73 1276 0.086426
7925.105 179.67 1278 0.085938
7925.2573 179.61 1276 0.085938
7925.4097 179.58 1277 0.085938
7925.562 179.57 1275 0.086426
7925.7144 179.57 1280 0.086426
7925.8667 179.57 1282 0.086426
7926.0195 179.56 1283 0.086426
7926.1719 179.56 1281 0.086426
7926.3242 179.56 1283 0.086426
7926.4766 179.54 1287 0.086426
7926.6289 179.56 1297 0.086426
7926.7813 179.53 1297 0.085938
7926.9336 179.55 1289 0.085938
7927.0859 179.52 1293 0.086426
7927.2383 179.53 1291 0.086426
7927.3911 179.52 1293 0.086426
7927.5435 179.51 1288 0.086426
7927.6958 179.54 1282 0.086426
7927.8481 179.55 1289 0.086426
7928.0005 179.57 1295 0.086426
7928.1528 179.56 1300 0.086426
7928.3052 179.59 1296 0.086426
7928.4575 179.62 1294 0.086426
7928.6099 179.65 1298 0.086426
7928.7627 179.59 1298 0.086914
7928.915 179.37 1304 0.086914
7929.0674 179.17 1302 0.086914
7929.2197 178.95 1295 0.087402
7929.3721 178.87 1286 0.087402
7929.5244 178.84 1290 0.087402
7929.6768 178.83 1286 0.086914
7929.8291 178.96 1289 0.086914
7929.9819 178.96 1285 0.087402
7930.1343 178.89 1278 0.087402
7930.2866 178.85 1277 0.087402
7930.439 178.83 1280 0.087402
7930.5913 178.76 1275 0.087402
7930.7437 178.68 1280 0.087402
7930.896 178.65 1280 0.087402
7931.0483 178.68 1286 0.087402
7931.2007 178.67 1277 0.087402
7931.3535 178.7 1286 0.086914
7931.5059 178.78 1286 0.086914
7931.6582 178.88 1286 0.086914
7931.8105 178.98 1279 0.086914
7931.9629 179.04 1277 0.086914
7932.1152 179.08 1282 0.087402
7932.2676 179.12 1274 0.087402
7932.4199 179.14 1281 0.086914
7932.5723 179.15 1286 0.086426
7932.7251 179.16 1280 0.086426
7932.8774 179.17 1274 0.086426
7933.0298 179.13 1281 0.086426
7933.1821 179.02 1282 0.086426
7933.3345 178.76 1287 0.086426
7933.4868 178.6 1279 0.086426
7933.6392 178.49 1276 0.085938
7933.7915 178.56 1275 0.085938
7933.9443 178.62 1280 0.085938
7934.0967 178.69 1281 0.085938
7934.249 178.75 1280 0.086426
7934.4014 178.8 1275 0.086426
7934.5537 178.85 1288 0.086426
7934.7061 178.92 1292 0.086426
7934.8584 178.98 1282 0.086426
7935.0107 179.04 1280 0.085938
7935.1631 179.12 1288 0.085938
7935.3159 179.21 1288 0.086426
7935.4683 179.26 1284 0.086426
7935.6206 179.32 1282 0.086426
7935.7729 179.12 1289 0.086426
7935.9253 178.96 1287 0.086426
7936.0776 178.86 1288 0.086426
7936.23 178.75 1287 0.086426
7936.3823 178.71 1281 0.086426
7936.5347 178.66 1283 0.085938
7936.6875 178.59 1291 0.085938
7936.8398 178.5 1296 0.085938
7936.9922 178.47 1293 0.086426
7937.1445 178.46 1290 0.086426
7937.2969 178.43 1286 0.085938
7937.4492 178.44 1286 0.085938
7937.6016 178.44 1288 0.085938
7937.7539 178.45 1282 0.085938
7937.9067 178.46 1282 0.085938
7938.0591 178.39 1280 0.085938
7938.2114 178.34 1282 0.086426
7938.3638 178.46 1283 0.086426
7938.5161 178.64 1281 0.086426
7938.6685 178.8 1283 0.086426
7938.8208 178.9 1285 0.086426
7938.9731 178.94 1285 0.086426
7939.1255 178.95 1279 0.086426
7939.2783 178.99 1280 0.085938
7939.4307 178.98 1284 0.085938
7939.583 178.95 1276 0.085938
7939.7354 178.93 1281 0.086426
7939.8877 178.93 1290 0.086426
7940.04 178.91 1283 0.085938
7940.1924 178.91 1277 0.085938
7940.3447 178.88 1277 0.085938
7940.4971 178.91 1294 0.085938
7940.6499 178.89 1292 0.086426
7940.8022 178.9 1284 0.085938
7940.9546 178.89 1283 0.085938
7941.1069 178.87 1284 0.085938
7941.2593 178.89 1284 0.085938
7941.4116 178.89 1277 0.085938
7941.564 178.9 1286 0.085938
7941.7163 178.9 1282 0.085938
7941.8691 178.92 1279 0.086426
7942.0215 178.96 1282 0.086426
7942.1738 178.97 1282 0.085938
7942.3262 178.99 1281 0.085938
7942.4785 179.03 1284 0.085938
7942.6309 179.03 1290 0.085938
7942.7832 179.06 1290 0.085938
7942.9355 179.08 1290 0.085938
7943.0879 179.13 1289 0.085938
7943.2407 179.13 1288 0.085938
7943.3931 179.16 1279 0.085938
7943.5454 179.16 1274 0.085938
7943.6978 179.2 1282 0.085938
7943.8501 179.19 1286 0.085938
7944.0024 179.22 1287 0.086426
7944.1548 179.25 1288 0.086426
7944.3071 179.28 1287 0.086426
7944.4595 179.33 1285 0.086426
7944.6123 179.35 1290 0.085938
7944.7646 179.41 1285 0.085938
7944.917 179.45 1287 0.085938
7945.0693 179.57 1285 0.085938
7945.2217 179.72 1285 0.085938
7945.374 179.85 1280 0.085938
7945.5264 179.98 1286 0.086426
7945.6787 180.11 1288 0.086426
7945.8311 180.22 1286 0.086426
7945.9839 180.34 1288 0.086426
7946.1362 180.46 1292 0.086426
7946.2886 180.54 1292 0.085938
7946.4409 180.65 1292 0.085938
7946.5933 180.73 1288 0.085938
7946.7456 180.81 1299 0.085938
7946.8979 180.88 1293 0.085938
7947.0503 180.93 1294 0.085938
7947.2031 181.01 1296 0.085938
7947.3555 181.08 1293 0.085938
7947.5078 181.14 1292 0.086426
7947.6602 181.17 1294 0.086426
7947.8125 181.24 1297 0.085938
7947.9648 181.27 1286 0.085449
7948.1172 181.32 1289 0.085938
7948.2695 181.37 1291 0.085938
7948.4219 181.42 1291 0.085938
7948.5747 181.45 1295 0.086426
7948.7271 181.5 1289 0.086426
7948.8794 181.54 1294 0.085938
7949.0317 181.58 1303 0.085938
7949.1841 181.64 1285 0.085938
7949.3364 181.7 1288 0.086426
7949.4888 181.74 1294 0.086426
7949.6411 181.78 1293 0.086426
7949.7935 181.8 1294 0.085938
7949.9463 181.85 1296 0.086426
7950.0986 181.88 1290 0.086426
7950.251 181.89 1292 0.086426
7950.4033 181.93 1282 0.086426
7950.5557 181.97 1287 0.085938
7950.708 182.02 1282 0.086426
7950.8604 182.08 1303 0.086914
7951.0127 182.2 1291 0.086914
7951.1655 182.29 1294 0.086426
7951.3179 182.38 1291 0.086426
7951.4702 182.48 1295 0.086426
7951.6226 182.57 1291 0.086426
7951.7749 182.68 1288 0.086426
7951.9272 182.76 1298 0.086426
7952.0796 182.88 1292 0.086426
7952.2319 183.07 1282 0.086426
7952.3843 183.28 1285 0.086426
7952.5371 183.53 1283 0.086914
7952.6895 183.79 1284 0.086914
7952.8418 183.99 1288 0.086914
7952.9941 184.15 1291 0.086914
7953.1465 184.28 1280 0.086914
7953.2988 184.41 1284 0.086914
7953.4512 184.51 1288 0.086914
7953.6035 184.53 1295 0.086914
7953.7559 184.53 1292 0.086914
7953.9087 184.54 1297 0.086914
7954.061 184.61 1304 0.086914
7954.2134 184.66 1303 0.086914
7954.3657 184.7 1283 0.086914
7954.5181 184.75 1291 0.086426
7954.6704 184.79 1302 0.086426
7954.8228 184.8 1288 0.086914
7954.9751 184.88 1304 0.087402
7955.1279 184.94 1296 0.087402
7955.2803 184.94 1290 0.086914
7955.4326 184.96 1296 0.086914
7955.585 184.95 1295 0.086914
7955.7373 184.97 1289 0.087402
7955.8896 184.91 1289 0.087402
7956.042 184.78 1286 0.087402
7956.1943 184.74 1290 0.087402
7956.3467 184.75 1290 0.087891
7956.4995 184.66 1298 0.088379
7956.6519 184.54 1284 0.088379
7956.8042 184.53 1283 0.087891
7956.9565 184.55 1283 0.087891
7957.1089 184.57 1285 0.087891
7957.2612 184.64 1290 0.087891
7957.4136 184.66 1294 0.087891
7957.5659 184.71 1297 0.087402
7957.7183 184.76 1296 0.087402
7957.8711 184.81 1286 0.087402
7958.0234 184.74 1281 0.087402
7958.1758 184.79 1293 0.087402
7958.3281 184.75 1293 0.087891
7958.4805 184.8 1278 0.087891
7958.6328 184.78 1278 0.089355
7958.7852 184.77 1284 0.089844
7958.9375 184.78 1288 0.089844
7959.0903 184.79 1286 0.088379
7959.2427 184.83 1293 0.088379
7959.395 184.81 1301 0.087891
7959.5474 184.67 1281 0.087402
7959.6997 184.46 1285 0.087402
7959.8521 184.28 1289 0.087402
7960.0044 184.12 1290 0.087402
7960.1567 184.03 1301 0.086914
7960.3091 183.94 1318 0.086426
7960.4619 183.81 1312 0.086426
7960.6143 183.68 1326 0.086914
7960.7666 183.61 1334 0.086914
7960.9189 183.51 1298 0.086426
7961.0713 183.47 1288 0.085938
7961.2236 183.39 1326 0.085938
7961.376 183.33 1320 0.085938
7961.5283 183.28 1315 0.085938
7961.6807 183.24 1325 0.085938
7961.8335 183.23 1318 0.086426
7961.9858 183.2 1299 0.086426
7962.1382 183.15 1300 0.086426
7962.2905 183.15 1301 0.086426
7962.4429 183.14 1307 0.086426
7962.5952 183.14 1311 0.086426
7962.7476 183.14 1312 0.086426
7962.8999 183.17 1325 0.086426
7963.0527 183.28 1324 0.086426
7963.2051 183.53 1321 0.086426
7963.3574 183.71 1302 0.086426
7963.5098 183.89 1294 0.086426
7963.6621 184.04 1287 0.086426
7963.8145 184.15 1294 0.086426
7963.9668 184.18 1301 0.086914
7964.1191 184.19 1303 0.086914
7964.2715 184.24 1299 0.086914
7964.4243 184.3 1306 0.087402
7964.5767 184.39 1311 0.087891
7964.729 184.42 1311 0.087402
7964.8813 184.16 1310 0.086426
7965.0337 183.84 1305 0.086426
7965.186 183.61 1299 0.085938
7965.3384 183.5 1296 0.085938
7965.4907 183.48 1307 0.085938
7965.6431 183.48 1305 0.086914
7965.7959 183.6 1300 0.086914
7965.9482 183.65 1300 0.086914
7966.1006 183.73 1299 0.086426
7966.2529 183.78 1302 0.086426
7966.4053 183.87 1304 0.086426
7966.5576 183.99 1302 0.086426
7966.71 184.09 1297 0.086914
7966.8623 184.1 1297 0.086914
7967.0151 184.1 1292 0.086914
7967.1675 184.1 1298 0.086914
7967.3198 184.06 1296 0.086914
7967.4722 183.99 1297 0.086914
7967.6245 183.91 1302 0.086914
7967.7769 183.88 1300 0.086914
7967.9292 183.98 1296 0.086426
7968.0815 184.14 1297 0.086426
7968.2339 184.32 1294 0.086914
7968.3867 184.48 1296 0.086914
7968.5391 184.63 1308 0.086914
7968.6914 184.8 1305 0.086914
7968.8438 184.92 1304 0.086914
7968.9961 185.05 1303 0.086914
7969.1484 185.11 1307 0.086914
7969.3008 185.11 1311 0.086914
7969.4531 185.17 1304 0.087402
7969.6055 185.21 1298 0.087402
7969.7583 185.25 1303 0.087402
7969.9106 185.25 1313 0.087891
7970.063 185.17 1311 0.087891
7970.2153 185.07 1307 0.087891
7970.3677 185.05 1305 0.087891
7970.52 185.06 1318 0.087891
7970.6724 185.12 1305 0.087891
7970.8247 185.21 1308 0.087891
7970.9775 185.26 1313 0.087891
7971.1299 185.27 1303 0.087891
7971.2822 185.23 1305 0.088379
7971.4346 185.22 1316 0.088379
7971.5869 185.3 1307 0.088379
7971.7393 185.34 1303 0.088379
7971.8916 185.41 1316 0.088867
7972.0439 185.48 1312 0.088867
7972.1963 185.49 1310 0.088379
7972.3491 185.42 1314 0.088379
7972.5015 185.28 1320 0.087891
7972.6538 185.13 1322 0.087891
7972.8062 185.03 1323 0.087402
7972.9585 184.95 1323 0.088379
7973.1108 184.95 1321 0.088379
7973.2632 185.03 1336 0.088379
7973.4155 185.1 1335 0.088379
7973.5679 185.22 1334 0.088379
7973.7207 185.25 1323 0.088867
7973.873 185.31 1319 0.088867
7974.0254 185.35 1321 0.088867
7974.1777 185.32 1321 0.088379
7974.3301 185.27 1310 0.088379
7974.4824 185.33 1310 0.088379
7974.6348 185.38 1324 0.088379
7974.7871 185.51 1308 0.088379
7974.9399 185.53 1322 0.087891
7975.0923 185.34 1314 0.087891
7975.2446 185.11 1317 0.087402
7975.397 184.71 1313 0.087402
7975.5493 184.2 1317 0.087402
7975.7017 183.85 1312 0.087891
7975.854 183.39 1313 0.088379
7976.0063 183.1 1320 0.087891
7976.1587 182.93 1314 0.087891
7976.3115 182.87 1314 0.087891
7976.4639 182.81 1327 0.087891
7976.6162 182.94 1320 0.087891
7976.7686 183.06 1320 0.087891
7976.9209 183.23 1318 0.088379
7977.0732 183.24 1321 0.088379
7977.2256 183.06 1321 0.088379
7977.3779 183.12 1324 0.088379
7977.5303 183.4 1323 0.088379
7977.6831 183.7 1327 0.088379
7977.8354 184.01 1326 0.088379
7977.9878 184.26 1307 0.088379
7978.1401 184.48 1310 0.088379
7978.2925 184.7 1317 0.088379
7978.4448 184.84 1314 0.087891
7978.5972 184.94 1316 0.087891
7978.7495 185.05 1319 0.087891
7978.9019 185.07 1319 0.087891
7979.0547 185.06 1319 0.087891
7979.207 185.05 1319 0.087891
7979.3594 184.98 1323 0.087891
7979.5117 184.89 1323 0.087891
7979.6641 184.86 1323 0.087891
7979.8164 184.77 1316 0.087891
7979.9688 184.71 1323 0.087891
7980.1211 184.64 1326 0.087891
7980.2739 184.61 1324 0.087891
7980.4263 184.61 1322 0.087891
7980.5786 184.53 1316 0.087891
7980.731 184.42 1323 0.087891
7980.8833 184.31 1321 0.088379
7981.0356 184.16 1321 0.088379
7981.188 184.02 1324 0.087891
7981.3403 183.89 1320 0.087891
7981.4927 183.75 1312 0.087891
7981.6455 183.67 1319 0.088379
7981.7979 183.55 1319 0.088379
7981.9502 183.47 1321 0.087891
7982.1025 183.47 1319 0.087891
7982.2549 183.59 1323 0.087891
7982.4072 183.67 1317 0.088379
7982.5596 183.77 1316 0.088379
7982.7119 183.82 1316 0.088379
7982.8643 183.77 1317 0.088379
7983.0171 183.73 1321 0.088379
7983.1694 183.71 1315 0.088379
7983.3218 183.73 1321 0.088379
7983.4741 183.72 1317 0.088379
7983.6265 183.72 1313 0.088379
7983.7788 183.76 1315 0.088379
7983.9312 183.83 1319 0.087891
7984.0835 183.87 1320 0.087891
7984.2363 183.78 1319 0.087891
7984.3887 183.67 1318 0.087891
7984.541 183.69 1321 0.087891
7984.6934 183.79 1317 0.087891
7984.8457 183.73 1324 0.087891
7984.998 183.67 1322 0.087891
7985.1504 183.58 1327 0.087402
