/* OPERATOR TABLE TRANSCRIPTION:
Source:	KTB Information System, data.icdp-online.org/sites/ktb/data/logging/complogs/hb1/60117200.htm - composite log 'NGS,Sonic,LDT,DLL (12 1/4in)', original KTB data files HB-00211/00212/00214, section 6011-7200 m; VERBATIM EXCERPT of 65 contiguous half-foot stations 6020.105-6029.8584 m (the shallowest block where the LDT density channel comes alive alongside the sonic)
Well:	KTB Hauptbohrung (main hole), Windischeschenbach, Germany - ICDP/GFZ KTB Information System (same license family as the catalogue's four existing KTB entries)
IndexKind:	depth
Notes:	EXCERPT DISCLOSURE: the source file is 946 KB and the sanctioned read-only transport truncates near 6,067 m, so the eleven depths of the v1.77.0 inverse-engine prediction (6,500-7,700 m band) are UNREACHABLE mid-file; this is the deepest KTB sonic+density block obtainable COMPLETE, and its co-located DTCO/RHOB pairs are exactly what tests the prediction chain's disclosed cross-site-transfer assumption. Null convention -999.25 verbatim; source's own SGR caveat (relative API units, large borehole) applies. TRANSCRIPTION BASIS: hand transcription from the transport fetch with NO independent machine checksum available (disclosed); self-checks passed: 65 rows x 17 columns uniform, depth steps 0.1523-0.1529 m (uniform half-foot sampling)
*/
DEPT (m)	LLD (ohmm)	LLS (ohmm)	MSFL (ohmm)	DTCO (us/m)	DTSM (us/m)	DTST (us/m)	SGR (API)	URAN (ppm)	THOR (ppm)	POTA (percent)	CALI (mm)	RHOB (g/cm3)	DRHO (g/cm3)	PEF	NPHI (percent)	U (barn/cm3)
6020.105	1.5907	1.5494	0.19972	175.2	293.81	617.69	-999.25	-999.25	-999.25	-999.25	577.5	1.2975	-0.14445E-3	1.3495	40.742	1.8733
6020.2573	-189.42	-139.34	0.19805	169.48	285.18	626.23	-999.25	-999.25	-999.25	-999.25	579	1.2835	0.0052343	1.4634	41.307	2.0122
6020.4097	7.4767	10.484	0.19733	168.01	279.23	641.81	-999.25	-999.25	-999.25	-999.25	567.5	1.2421	-0.0046818	1.5114	43.614	2.0197
6020.562	6.7085	9.8227	0.19848	163.31	273	675.85	-999.25	-999.25	-999.25	-999.25	544	1.1794	-0.0053799	1.3104	46.86	1.6744
6020.7144	9.1616	14.659	0.20227	166.18	278.95	693.95	18.328	0.72499	1.9948	0.26883	537.5	1.1678	-0.0039534	0.95196	48.35	1.206
6020.8667	13.142	22.745	0.2093	164.83	283.97	690.94	17.204	0.66538	1.8988	0.25481	560	1.1798	-0.0017416	1.1371	46.866	1.4534
6021.019	17.142	31.893	0.22002	162.75	287.69	679.8	17.801	0.69991	1.8292	0.28382	580.5	1.1956	-0.0043349	1.3266	43.118	1.7151
6021.1719	21.061	41.373	0.23066	161.54	287.26	673.32	19.758	0.78699	1.9038	0.33417	582.5	1.2041	-0.0065113	1.4212	40.175	1.8488
6021.3242	26.196	52.938	0.23937	163.66	287.88	661.96	21.757	0.90965	2.0384	0.35776	582.5	1.2498	-0.011275	1.528	38.102	2.053
6021.4766	34.94	67.51	0.24571	163.76	290.25	661.28	23.069	0.98999	2.1584	0.36731	579	1.2087	-0.0033914	1.5495	35.847	2.0223
6021.6289	51.062	80.249	0.25512	162.8	288.03	666.23	20.747	0.90921	2.0344	0.30327	574.5	1.228	9.8127E-4	2.0365	32.79	2.6946
6021.7813	78.655	85.216	0.27096	161.45	274.51	664.79	19.727	0.91202	1.9744	0.25726	566.5	1.2331	0.0050164	1.9348	29.114	2.5693
6021.9336	104.51	89.941	0.28998	153.07	275.4	661.63	22.753	1.0987	2.1574	0.29647	578	1.2551	0.0037403	1.7266	25.489	2.3282
6022.0859	129.03	88.079	0.29461	152.13	274.39	650.89	20.497	1.0274	2.0352	0.23103	581	1.1517	0.0052183	1.7348	22.553	2.1717
6022.2383	146.57	97.969	0.28256	151.84	272.5	645.86	17.67	0.94731	1.8974	0.1415	582.5	1.0952	0.0082655	1.8976	21.167	2.2753
6022.3911	165.76	114.45	0.26458	153.95	273.56	642.42	20.71	1.1469	2.5203	0.091254	582.5	1.0982	0.005172	1.8055	21.211	2.17
6022.5435	175.66	132.38	0.25226	161.76	278.14	646.74	20.446	1.1259	2.4931	0.092385	567.5	1.1081	0.0040551	1.9801	22.435	2.3983
6022.6958	199.56	125.79	0.24721	166.28	283.32	655.42	20.909	1.138	2.3934	0.1308	539.5	1.1199	-0.0019625	1.5189	25.421	1.8563
6022.8481	212.97	120.32	0.24742	164.29	284.84	664.11	18.941	1.027	2.1749	0.11915	464.75	1.1373	-0.0054773	1.1598	29.647	1.4363
6023.0005	223.52	112.59	0.24888	164.48	284.77	667.1	19.813	1.04	2.1225	0.1706	440.75	1.0535	-0.0040838	1.2172	32.724	1.412
6023.1528	235.62	110.17	0.26101	155.15	268.82	663.95	20.689	1.0753	2.1042	0.20481	487.75	1.1185	-0.0050634	1.2219	34.348	1.4917
6023.3052	251.68	112.12	0.29304	152.57	272.78	661.18	20.268	1.1058	2.0427	0.17833	543	1.2544	-0.0074723	1.1966	36.011	1.6128
6023.4575	265.59	118.22	0.35144	148.21	259.75	648.02	21.414	1.1802	2.1895	0.17654	431.5	1.267	-0.0049299	1.2191	39.952	1.6575
6023.6099	278.05	115.93	0.42232	146.27	261.51	639.79	22.914	1.263	2.4266	0.17294	426.75	1.2995	-0.0014106	1.2298	42.838	1.7093
6023.7627	292.27	106.56	0.50244	146.46	265.56	634.68	19.671	1.0221	2.656	0.069945	426.75	1.2978	0.001242	1.2969	43.245	1.8006
6023.915	304.99	107.25	0.57895	150.52	267.49	637.62	20.724	0.98323	2.7489	0.12931	426.75	1.2899	0.0051029	1.1883	41.848	1.6409
6024.0674	312.97	117.64	0.5652	154.84	276.13	637.59	16.953	0.69094	2.478	0.11804	426.75	1.2842	0.0029566	1.2847	40.414	1.7674
6024.2197	337.53	123.36	0.53127	158.61	276.81	646.43	21.358	0.77248	2.6685	0.28347	425.5	1.2689	0.0066179	1.4153	38.905	1.9267
6024.3721	350.66	125.32	0.44312	162.21	277.99	653.99	20.828	0.6467	2.536	0.34172	433	1.2652	0.004779	1.5258	36.774	2.0718
6024.5244	366.46	132.12	0.34283	158.16	276.26	659.4	18.142	0.44375	2.2665	0.34571	441.75	1.3069	0.0045046	1.5582	35.082	2.1766
6024.6768	364.26	135.39	0.28448	155.88	276.8	661.08	19.771	0.41434	2.2936	0.44455	454.5	1.3519	0.005732	1.5882	34.821	2.2852
6024.8291	354.05	136.37	0.23978	156.32	273.69	662.31	21.903	0.44506	2.2301	0.55858	455.25	1.4708	0.025177	1.7938	36.265	2.7805
6024.9814	344.07	135.59	0.2242	155.05	272.84	661.8	21.622	0.4308	2.1108	0.57294	436.25	1.5101	0.03524	1.3706	39.111	2.1747
6025.1343	335.33	148.33	0.24252	151.55	272.8	658.82	23.958	0.51614	2.2672	0.62932	436.75	1.5524	0.03969	1.3785	42.341	2.2418
6025.2866	324.31	177.93	0.29875	153.67	273.66	650.73	25.158	0.49538	2.2587	0.70712	424	1.7892	0.066411	1.4183	45.951	2.6203
6025.439	321.39	225.65	0.38435	155.38	272.05	650.06	20.654	0.2048	1.7126	0.70719	425.75	2.0055	0.11008	1.6024	48.97	3.2841
6025.5913	321.7	263.29	0.48478	158.9	283.33	653.73	17.79	0.072856	1.6764	0.62189	411.25	2.3872	0.15851	2.1513	50.738	5.1762
6025.7437	318.42	293.95	0.53121	160.01	284.42	650.09	24.123	0.36427	2.6751	0.63563	420.25	2.4428	0.12417	1.8597	50.578	4.5713
6025.896	319.03	315.04	0.57431	164.13	292.71	648.08	24.255	0.38083	2.6857	0.6327	410.5	2.5612	0.10541	1.4119	48.984	3.6268
6026.0483	339.42	290.83	0.67096	166.11	293.1	654.32	23.745	0.37989	2.6181	0.61803	374.75	1.5637	-0.035227	1.3342	46.061	2.1838
6026.2007	370.57	257.98	0.89536	170.37	288.71	657.76	21.099	0.24311	2.5251	0.55788	368.25	2.207	0.010681	1.396	41.753	3.1238
6026.3535	390.24	254.55	1.2684	171.87	290.57	661.73	21.366	0.24863	2.676	0.54107	365.25	2.6388	0.058309	1.9664	36.465	5.1937
6026.5059	409.29	277.85	1.5683	180.01	294.53	663.01	19.853	0.1743	2.5857	0.51186	370.25	2.7483	0.026069	2.4601	31.384	6.7492
6026.6582	425.47	373.48	1.3865	180.6	303.89	655.3	28.071	0.48349	3.805	0.57831	373.75	2.8379	0.029822	3.4839	26.805	9.8493
6026.8105	439.14	393.92	1.1643	178.27	305.46	651.4	31.663	0.6745	3.7425	0.69329	372.5	2.9348	0.026789	3.3806	23.369	9.8636
6026.9629	430.28	431.2	1.0045	175.32	309.03	642.63	22.635	0.41232	3.0507	0.45856	360.75	2.832	0.0031617	2.3009	20.803	6.4924
6027.1152	415.84	473.12	0.9937	176.34	308.6	635.25	28.762	0.49232	2.8652	0.79104	356.75	2.619	-0.12851E-3	2.016	19.15	5.2873
6027.2676	400.22	467.72	1.1758	172.03	306.82	636.32	37.13	0.69489	4.2346	0.88982	352.75	2.2973	-0.040243	2.8102	18.024	6.5258
6027.4199	390.61	385.2	1.5041	170.07	300.91	640.53	42.931	0.97419	4.6127	0.99855	367	2.4651	0.025428	2.5086	17.241	6.2186
6027.5723	390.88	428.86	2.1045	167.05	293.05	648.12	43.733	0.98734	4.6178	1.0351	375.5	2.2413	0.041651	2.257	16.616	5.123
6027.7251	395.94	391.51	2.5849	165.15	292.11	649.82	43.57	0.98178	4.6075	1.0309	397.25	2.2245	0.13478	1.9653	15.657	4.43
6027.8774	402.5	371.55	2.8911	163.84	289.75	653.3	44.141	1.0405	4.5724	1.04	401.25	2.2239	0.17884	1.812	14.35	4.0834
6028.0298	415	358.36	2.9	161.57	286.38	653.55	38.657	0.91044	4.1576	0.88195	394.25	2.3793	0.13873	2.8806	12.877	6.9097
6028.1821	437.13	312.44	2.232	160.07	287.16	651.18	36.551	0.83107	3.9478	0.84541	404.5	2.7082	0.11951	2.6544	11.799	7.1829
6028.3345	436.66	259.82	1.6827	157.88	289.53	650.16	33.309	0.67328	3.6754	0.79709	412.25	2.7668	0.059678	2.7082	11.691	7.4765
6028.4868	438.18	240.06	1.2957	152.91	293.15	642.69	30.416	0.5145	3.472	0.75533	369.75	2.7832	0.029815	2.8352	12.445	7.8705
6028.6392	450.48	225.91	1.0522	153.39	300.68	633.82	30.865	0.60652	3.4041	0.74751	377.25	2.8359	0.031382	2.7059	13.001	7.6449
6028.7915	481.14	253.59	0.86998	153.42	298.97	635.96	26.855	0.52744	2.5066	0.73728	383.5	2.8511	0.01803	3.4464	12.887	9.786
6028.9438	512.73	380.71	0.72793	158.86	293.87	640.39	24.64	0.47257	2.3974	0.66353	395.75	2.8817	0.020411	3.0915	12.38	8.8668
6029.0967	527.41	476.78	0.63849	161.08	298.59	644.16	28.401	0.74609	2.7366	0.67044	406	2.8479	0.01377	2.9166	12.608	8.2731
6029.249	532.82	475.01	0.59031	157.33	297.05	651.84	29.573	0.80754	2.7405	0.70378	387.25	2.893	0.012116	2.9545	13.885	8.5049
6029.4014	554.25	387.91	0.56948	158.31	294.63	657.1	23.581	0.65913	2.3467	0.52289	342.25	2.892	0.009778	3.5972	15.486	10.352
6029.5537	576.32	255.49	0.58321	158.93	285.15	659.49	33.267	1.1718	2.8786	0.70059	338.25	2.8562	4.5699E-4	3.4811	16.825	9.9011
6029.7061	587.3	140.79	0.65503	156.81	284.17	654.49	33.27	1.2239	3.0023	0.65142	338.75	2.8739	0.0042136	3.7245	17.932	10.655
6029.8584	562.74	93.623	0.83958	156.5	282.98	638.79	31.809	1.1831	2.9014	0.61055	340	2.8604	0.0059993	3.2946	19.468	9.3838
