! "TVD True Vertical Depth"
! "Section: 0 - 9080 m"
!
! "Starting point (= 0 m) is the surface start point"
! "of the main borehole."
!
!  SEPARATOR   BLANK
! "no. title                      unit"
!
!       SEPARATOR       BLANK
!       1       "DEPT logging depth"    F4      m
!       2       "TVD true vertical depth"       F4      m
!
0.0000 0.15239
1.0000 1.1524
2.0000 2.1523
3.0000 3.1523
4.0000 4.1523
5.0000 5.1523
6.0000 6.1523
7.0000 7.1523
8.0000 8.1523
9.0000 9.1523
10.0000 10.152
11.0000 11.152
12.0000 12.152
13.0000 13.152
14.0000 14.152
15.0000 15.152
16.0000 16.152
17.0000 17.152
18.0000 18.152
19.0000 19.152
20.0000 20.152
21.0000 21.152
22.0000 22.152
23.0000 23.152
24.0000 24.152
25.0000 25.146
26.0000 26.152
27.0000 27.152
28.0000 28.152
29.0000 29.152
30.0000 30.152
31.0000 31.152
32.0000 32.152
33.0000 33.152
34.0000 34.152
35.0000 35.152
36.0000 36.152
37.0000 37.152
38.0000 38.152
39.0000 39.152
40.0000 40.152
41.0000 41.147
42.0000 42.152
43.0000 43.152
44.0000 44.151
45.0000 45.151
46.0000 46.151
47.0000 47.151
48.0000 48.151
49.0000 49.151
50.0000 50.151
51.0000 51.151
52.0000 52.151
53.0000 53.151
54.0000 54.151
55.0000 55.151
56.0000 56.151
57.0000 57.149
58.0000 58.151
59.0000 59.151
60.0000 60.151
61.0000 61.151
62.0000 62.151
63.0000 63.151
64.0000 64.151
65.0000 65.151
66.0000 66.151
67.0000 67.151
68.0000 68.150
69.0000 69.150
70.0000 70.150
71.0000 71.150
72.0000 72.150
73.0000 73.150
74.0000 74.150
75.0000 75.150
76.0000 76.150
77.0000 77.150
78.0000 78.150
79.0000 79.150
80.0000 80.150
81.0000 81.150
82.0000 82.150
83.0000 83.150
84.0000 84.150
85.0000 85.150
86.0000 86.150
87.0000 87.150
88.0000 88.150
89.0000 89.150
90.0000 90.150
91.0000 91.150
92.0000 92.150
93.0000 93.150
94.0000 94.150
95.0000 95.150
96.0000 96.150
97.0000 97.150
98.0000 98.143
99.0000 99.150
100.0000 100.15
101.0000 101.15
102.0000 102.15
103.0000 103.15
104.0000 104.15
105.0000 105.15
106.0000 106.15
107.0000 107.15
108.0000 108.15
109.0000 109.15
110.0000 110.15
111.0000 111.15
112.0000 112.15
113.0000 113.15
114.0000 114.14
115.0000 115.15
116.0000 116.15
117.0000 117.15
118.0000 118.15
119.0000 119.15
120.0000 120.15
121.0000 121.15
122.0000 122.15
123.0000 123.15
124.0000 124.15
125.0000 125.15
126.0000 126.15
127.0000 127.15
128.0000 128.15
129.0000 129.15
130.0000 130.15
131.0000 131.15
132.0000 132.15
133.0000 133.15
134.0000 134.15
135.0000 135.15
136.0000 136.15
137.0000 137.15
138.0000 138.15
139.0000 139.15
140.0000 140.15
141.0000 141.15
142.0000 142.15
143.0000 143.15
144.0000 144.15
145.0000 145.15
146.0000 146.15
147.0000 147.15
148.0000 148.15
149.0000 149.15
150.0000 150.15
151.0000 151.15
152.0000 152.15
153.0000 153.15
154.0000 154.15
155.0000 155.15
156.0000 156.15
157.0000 157.15
158.0000 158.15
159.0000 159.15
160.0000 160.15
161.0000 161.15
162.0000 162.15
163.0000 163.15
164.0000 164.15
165.0000 165.15
166.0000 166.15
167.0000 167.15
168.0000 168.15
169.0000 169.15
170.0000 170.15
171.0000 171.14
172.0000 172.15
173.0000 173.15
174.0000 174.15
175.0000 175.15
176.0000 176.15
177.0000 177.15
178.0000 178.15
179.0000 179.15
180.0000 180.15
181.0000 181.15
182.0000 182.15
183.0000 183.15
184.0000 184.15
185.0000 185.15
186.0000 186.15
187.0000 187.14
188.0000 188.15
189.0000 189.15
190.0000 190.15
191.0000 191.15
192.0000 192.15
193.0000 193.15
194.0000 194.15
195.0000 195.15
196.0000 196.15
197.0000 197.15
198.0000 198.15
199.0000 199.15
200.0000 200.15
201.0000 201.15
202.0000 202.15
203.0000 203.14
204.0000 204.15
205.0000 205.15
206.0000 206.15
207.0000 207.15
208.0000 208.15
209.0000 209.15
210.0000 210.15
211.0000 211.15
212.0000 212.15
213.0000 213.15
214.0000 214.15
215.0000 215.15
216.0000 216.15
217.0000 217.15
218.0000 218.15
219.0000 219.15
220.0000 220.15
221.0000 221.15
222.0000 222.15
223.0000 223.15
224.0000 224.15
225.0000 225.15
226.0000 226.15
227.0000 227.15
228.0000 228.15
229.0000 229.15
230.0000 230.15
231.0000 231.15
232.0000 232.15
233.0000 233.15
234.0000 234.15
235.0000 235.15
236.0000 236.15
237.0000 237.15
238.0000 238.15
239.0000 239.15
240.0000 240.15
241.0000 241.15
242.0000 242.15
243.0000 243.15
244.0000 244.14
245.0000 245.15
246.0000 246.15
247.0000 247.15
248.0000 248.15
249.0000 249.15
250.0000 250.15
251.0000 251.15
252.0000 252.15
253.0000 253.15
254.0000 254.15
255.0000 255.15
256.0000 256.15
257.0000 257.15
258.0000 258.15
259.0000 259.15
260.0000 260.14
261.0000 261.15
262.0000 262.15
263.0000 263.15
264.0000 264.15
265.0000 265.15
266.0000 266.15
267.0000 267.15
268.0000 268.15
269.0000 269.15
270.0000 270.15
271.0000 271.15
272.0000 272.15
273.0000 273.15
274.0000 274.15
275.0000 275.15
276.0000 276.14
277.0000 277.15
278.0000 278.15
279.0000 279.15
280.0000 280.15
281.0000 281.15
282.0000 282.15
283.0000 283.15
284.0000 284.15
285.0000 285.15
286.0000 286.15
287.0000 287.15
288.0000 288.14
289.0000 289.14
290.0000 290.14
291.0000 291.14
292.0000 292.14
293.0000 293.14
294.0000 294.14
295.0000 295.14
296.0000 296.14
297.0000 297.14
298.0000 298.14
299.0000 299.14
300.0000 300.14
301.0000 301.14
302.0000 302.14
303.0000 303.14
304.0000 304.14
305.0000 305.14
306.0000 306.14
307.0000 307.14
308.0000 308.14
309.0000 309.14
310.0000 310.14
311.0000 311.14
312.0000 312.14
313.0000 313.14
314.0000 314.14
315.0000 315.14
316.0000 316.14
317.0000 317.14
318.0000 318.14
319.0000 319.14
320.0000 320.14
321.0000 321.14
322.0000 322.14
323.0000 323.14
324.0000 324.14
325.0000 325.14
326.0000 326.14
327.0000 327.14
328.0000 328.14
329.0000 329.14
330.0000 330.14
331.0000 331.14
332.0000 332.14
333.0000 333.14
334.0000 334.14
335.0000 335.14
336.0000 336.14
337.0000 337.14
338.0000 338.14
339.0000 339.14
340.0000 340.14
341.0000 341.14
342.0000 342.14
343.0000 343.14
344.0000 344.14
345.0000 345.14
346.0000 346.14
347.0000 347.14
348.0000 348.14
349.0000 349.14
350.0000 350.14
351.0000 351.14
352.0000 352.14
353.0000 353.14
354.0000 354.14
355.0000 355.14
356.0000 356.14
357.0000 357.14
358.0000 358.14
359.0000 359.14
360.0000 360.14
361.0000 361.14
362.0000 362.14
363.0000 363.14
364.0000 364.14
365.0000 365.14
366.0000 366.14
367.0000 367.14
368.0000 368.14
369.0000 369.14
370.0000 370.14
371.0000 371.14
372.0000 372.14
373.0000 373.14
374.0000 374.14
375.0000 375.14
376.0000 376.14
377.0000 377.14
378.0000 378.14
379.0000 379.14
380.0000 380.14
381.0000 381.14
382.0000 382.14
383.0000 383.14
384.0000 384.14
385.0000 385.14
386.0000 386.14
387.0000 387.14
388.0000 388.14
389.0000 389.14
390.0000 390.14
391.0000 391.14
392.0000 392.14
393.0000 393.14
394.0000 394.14
395.0000 395.14
396.0000 396.14
397.0000 397.14
398.0000 398.14
399.0000 399.14
400.0000 400.14
401.0000 401.14
402.0000 402.14
403.0000 403.14
404.0000 404.14
405.0000 405.14
406.0000 406.13
407.0000 407.14
408.0000 408.14
409.0000 409.14
410.0000 410.14
411.0000 411.14
412.0000 412.14
413.0000 413.14
414.0000 414.14
415.0000 415.14
416.0000 416.14
417.0000 417.14
418.0000 418.14
419.0000 419.14
420.0000 420.14
421.0000 421.14
422.0000 422.13
423.0000 423.14
424.0000 424.14
425.0000 425.14
426.0000 426.14
427.0000 427.14
428.0000 428.14
429.0000 429.14
430.0000 430.14
431.0000 431.14
432.0000 432.14
433.0000 433.14
434.0000 434.14
435.0000 435.14
436.0000 436.14
437.0000 437.14
438.0000 438.13
439.0000 439.14
440.0000 440.14
441.0000 441.14
442.0000 442.14
443.0000 443.14
444.0000 444.14
445.0000 445.14
446.0000 446.14
447.0000 447.14
448.0000 448.14
449.0000 449.14
450.0000 450.14
451.0000 451.14
452.0000 452.14
453.0000 453.14
454.0000 454.14
455.0000 455.14
456.0000 456.14
457.0000 457.14
458.0000 458.13
459.0000 459.13
460.0000 460.13
461.0000 461.13
462.0000 462.13
463.0000 463.13
464.0000 464.13
465.0000 465.13
466.0000 466.13
467.0000 467.13
468.0000 468.13
469.0000 469.13
470.0000 470.13
471.0000 471.13
472.0000 472.13
473.0000 473.13
474.0000 474.13
475.0000 475.13
476.0000 476.13
477.0000 477.13
478.0000 478.13
479.0000 479.12
480.0000 480.13
481.0000 481.13
482.0000 482.13
483.0000 483.13
484.0000 484.13
485.0000 485.13
486.0000 486.13
487.0000 487.13
488.0000 488.13
489.0000 489.13
490.0000 490.13
491.0000 491.13
492.0000 492.13
493.0000 493.13
494.0000 494.13
495.0000 495.12
496.0000 496.13
497.0000 497.13
498.0000 498.13
499.0000 499.13
500.0000 500.13
501.0000 501.13
502.0000 502.13
503.0000 503.13
504.0000 504.13
505.0000 505.13
506.0000 506.13
507.0000 507.13
508.0000 508.13
509.0000 509.13
510.0000 510.13
511.0000 511.12
512.0000 512.13
513.0000 513.13
514.0000 514.13
515.0000 515.13
516.0000 516.13
517.0000 517.13
518.0000 518.13
519.0000 519.13
520.0000 520.13
521.0000 521.13
522.0000 522.13
523.0000 523.13
524.0000 524.13
525.0000 525.13
526.0000 526.13
527.0000 527.12
528.0000 528.13
529.0000 529.13
530.0000 530.13
531.0000 531.13
532.0000 532.13
533.0000 533.12
534.0000 534.12
535.0000 535.12
536.0000 536.12
537.0000 537.12
538.0000 538.12
539.0000 539.12
540.0000 540.12
541.0000 541.12
542.0000 542.12
543.0000 543.12
544.0000 544.12
545.0000 545.12
546.0000 546.12
547.0000 547.12
548.0000 548.12
549.0000 549.12
550.0000 550.12
551.0000 551.12
552.0000 552.12
553.0000 553.12
554.0000 554.12
555.0000 555.12
556.0000 556.12
557.0000 557.12
558.0000 558.12
559.0000 559.12
560.0000 560.12
561.0000 561.12
562.0000 562.12
563.0000 563.12
564.0000 564.12
565.0000 565.12
566.0000 566.12
567.0000 567.12
568.0000 568.12
569.0000 569.12
570.0000 570.12
571.0000 571.12
572.0000 572.12
573.0000 573.12
574.0000 574.12
575.0000 575.12
576.0000 576.12
577.0000 577.12
578.0000 578.12
579.0000 579.12
580.0000 580.12
581.0000 581.12
582.0000 582.12
583.0000 583.12
584.0000 584.12
585.0000 585.12
586.0000 586.12
587.0000 587.12
588.0000 588.12
589.0000 589.12
590.0000 590.12
591.0000 591.12
592.0000 592.12
593.0000 593.12
594.0000 594.12
595.0000 595.12
596.0000 596.12
597.0000 597.12
598.0000 598.12
599.0000 599.12
600.0000 600.12
601.0000 601.12
602.0000 602.12
603.0000 603.12
604.0000 604.12
605.0000 605.12
606.0000 606.12
607.0000 607.12
608.0000 608.12
609.0000 609.12
610.0000 610.12
611.0000 611.12
612.0000 612.12
613.0000 613.12
614.0000 614.12
615.0000 615.12
616.0000 616.12
617.0000 617.12
618.0000 618.12
619.0000 619.12
620.0000 620.12
621.0000 621.12
622.0000 622.12
623.0000 623.12
624.0000 624.12
625.0000 625.11
626.0000 626.12
627.0000 627.12
628.0000 628.12
629.0000 629.12
630.0000 630.12
631.0000 631.12
632.0000 632.12
633.0000 633.12
634.0000 634.12
635.0000 635.12
636.0000 636.12
637.0000 637.12
638.0000 638.12
639.0000 639.12
640.0000 640.12
641.0000 641.12
642.0000 642.12
643.0000 643.12
644.0000 644.12
645.0000 645.12
646.0000 646.12
647.0000 647.12
648.0000 648.12
649.0000 649.12
650.0000 650.12
651.0000 651.12
652.0000 652.12
653.0000 653.12
654.0000 654.12
655.0000 655.12
656.0000 656.12
657.0000 657.12
658.0000 658.12
659.0000 659.12
660.0000 660.12
661.0000 661.12
662.0000 662.12
663.0000 663.12
664.0000 664.12
665.0000 665.12
666.0000 666.12
667.0000 667.12
668.0000 668.12
669.0000 669.12
670.0000 670.12
671.0000 671.12
672.0000 672.12
673.0000 673.12
674.0000 674.12
675.0000 675.12
676.0000 676.12
677.0000 677.12
678.0000 678.12
679.0000 679.12
680.0000 680.12
681.0000 681.12
682.0000 682.12
683.0000 683.12
684.0000 684.12
685.0000 685.12
686.0000 686.12
687.0000 687.12
688.0000 688.12
689.0000 689.12
690.0000 690.12
691.0000 691.12
692.0000 692.12
693.0000 693.12
694.0000 694.12
695.0000 695.11
696.0000 696.11
697.0000 697.11
698.0000 698.11
699.0000 699.11
700.0000 700.11
701.0000 701.11
702.0000 702.11
703.0000 703.11
704.0000 704.11
705.0000 705.11
706.0000 706.11
707.0000 707.11
708.0000 708.11
709.0000 709.11
710.0000 710.11
711.0000 711.11
712.0000 712.11
713.0000 713.11
714.0000 714.11
715.0000 715.11
716.0000 716.11
717.0000 717.11
718.0000 718.11
719.0000 719.11
720.0000 720.11
721.0000 721.11
722.0000 722.11
723.0000 723.11
724.0000 724.11
725.0000 725.11
726.0000 726.11
727.0000 727.11
728.0000 728.11
729.0000 729.11
730.0000 730.11
731.0000 731.11
732.0000 732.11
733.0000 733.11
734.0000 734.11
735.0000 735.11
736.0000 736.11
737.0000 737.11
738.0000 738.11
739.0000 739.11
740.0000 740.11
741.0000 741.11
742.0000 742.11
743.0000 743.11
744.0000 744.11
745.0000 745.11
746.0000 746.11
747.0000 747.11
748.0000 748.11
749.0000 749.11
750.0000 750.11
751.0000 751.11
752.0000 752.11
753.0000 753.11
754.0000 754.11
755.0000 755.11
756.0000 756.11
757.0000 757.11
758.0000 758.11
759.0000 759.11
760.0000 760.11
761.0000 761.11
762.0000 762.11
763.0000 763.11
764.0000 764.11
765.0000 765.11
766.0000 766.11
767.0000 767.11
768.0000 768.11
769.0000 769.11
770.0000 770.11
771.0000 771.11
772.0000 772.11
773.0000 773.11
774.0000 774.11
775.0000 775.11
776.0000 776.11
777.0000 777.11
778.0000 778.11
779.0000 779.11
780.0000 780.11
781.0000 781.11
782.0000 782.11
783.0000 783.11
784.0000 784.11
785.0000 785.11
786.0000 786.11
787.0000 787.10
788.0000 788.11
789.0000 789.11
790.0000 790.11
791.0000 791.11
792.0000 792.11
793.0000 793.11
794.0000 794.11
795.0000 795.11
796.0000 796.11
797.0000 797.11
798.0000 798.11
799.0000 799.11
800.0000 800.11
801.0000 801.11
802.0000 802.11
803.0000 803.10
804.0000 804.11
805.0000 805.11
806.0000 806.11
807.0000 807.11
808.0000 808.11
809.0000 809.11
810.0000 810.11
811.0000 811.11
812.0000 812.11
813.0000 813.11
814.0000 814.11
815.0000 815.11
816.0000 816.11
817.0000 817.11
818.0000 818.11
819.0000 819.10
820.0000 820.11
821.0000 821.11
822.0000 822.11
823.0000 823.11
824.0000 824.11
825.0000 825.11
826.0000 826.11
827.0000 827.11
828.0000 828.11
829.0000 829.11
830.0000 830.11
831.0000 831.11
832.0000 832.11
833.0000 833.11
834.0000 834.11
835.0000 835.10
836.0000 836.11
837.0000 837.10
838.0000 838.10
839.0000 839.10
840.0000 840.10
841.0000 841.10
842.0000 842.10
843.0000 843.10
844.0000 844.10
845.0000 845.10
846.0000 846.10
847.0000 847.10
848.0000 848.10
849.0000 849.10
850.0000 850.10
851.0000 851.10
852.0000 852.10
853.0000 853.10
854.0000 854.10
855.0000 855.10
856.0000 856.10
857.0000 857.10
858.0000 858.10
859.0000 859.10
860.0000 860.10
861.0000 861.10
862.0000 862.10
863.0000 863.10
864.0000 864.10
865.0000 865.10
866.0000 866.10
867.0000 867.10
868.0000 868.10
869.0000 869.10
870.0000 870.10
871.0000 871.10
872.0000 872.10
873.0000 873.10
874.0000 874.10
875.0000 875.10
876.0000 876.10
877.0000 877.10
878.0000 878.10
879.0000 879.10
880.0000 880.10
881.0000 881.10
882.0000 882.10
883.0000 883.10
884.0000 884.10
885.0000 885.10
886.0000 886.10
887.0000 887.10
888.0000 888.10
889.0000 889.10
890.0000 890.10
891.0000 891.10
892.0000 892.10
893.0000 893.10
894.0000 894.10
895.0000 895.10
896.0000 896.10
897.0000 897.10
898.0000 898.10
899.0000 899.10
900.0000 900.10
901.0000 901.10
902.0000 902.10
903.0000 903.10
904.0000 904.10
905.0000 905.10
906.0000 906.10
907.0000 907.10
908.0000 908.09
909.0000 909.10
910.0000 910.10
911.0000 911.09
912.0000 912.09
913.0000 913.09
914.0000 914.09
915.0000 915.09
916.0000 916.09
917.0000 917.09
918.0000 918.09
919.0000 919.09
920.0000 920.09
921.0000 921.09
922.0000 922.09
923.0000 923.09
924.0000 924.09
925.0000 925.09
926.0000 926.09
927.0000 927.09
928.0000 928.09
929.0000 929.09
930.0000 930.09
931.0000 931.09
932.0000 932.09
933.0000 933.08
934.0000 934.09
935.0000 935.09
936.0000 936.09
937.0000 937.09
938.0000 938.09
939.0000 939.09
940.0000 940.09
941.0000 941.09
942.0000 942.09
943.0000 943.09
944.0000 944.09
945.0000 945.09
946.0000 946.09
947.0000 947.09
948.0000 948.09
949.0000 949.08
950.0000 950.09
951.0000 951.09
952.0000 952.09
953.0000 953.09
954.0000 954.09
955.0000 955.09
956.0000 956.09
957.0000 957.09
958.0000 958.09
959.0000 959.09
960.0000 960.09
961.0000 961.09
962.0000 962.09
963.0000 963.09
964.0000 964.09
965.0000 965.09
966.0000 966.09
967.0000 967.09
968.0000 968.09
969.0000 969.09
970.0000 970.09
971.0000 971.09
972.0000 972.09
973.0000 973.09
974.0000 974.09
975.0000 975.09
976.0000 976.09
977.0000 977.09
978.0000 978.09
979.0000 979.09
980.0000 980.09
981.0000 981.09
982.0000 982.09
983.0000 983.09
984.0000 984.09
985.0000 985.09
986.0000 986.09
987.0000 987.09
988.0000 988.09
989.0000 989.09
990.0000 990.09
991.0000 991.09
992.0000 992.09
993.0000 993.09
994.0000 994.09
995.0000 995.09
996.0000 996.09
997.0000 997.09
998.0000 998.09
999.0000 999.09
1000.0000 1000.1
1001.0000 1001.1
1002.0000 1002.1
1003.0000 1003.1
1004.0000 1004.1
1005.0000 1005.1
1006.0000 1006.1
1007.0000 1007.1
1008.0000 1008.1
1009.0000 1009.1
1010.0000 1010.1
1011.0000 1011.1
1012.0000 1012.1
1013.0000 1013.1
1014.0000 1014.1
1015.0000 1015.1
1016.0000 1016.1
1017.0000 1017.1
1018.0000 1018.1
1019.0000 1019.1
1020.0000 1020.1
1021.0000 1021.1
1022.0000 1022.1
1023.0000 1023.1
1024.0000 1024.1
1025.0000 1025.1
1026.0000 1026.1
1027.0000 1027.1
1028.0000 1028.1
1029.0000 1029.1
1030.0000 1030.1
1031.0000 1031.1
1032.0000 1032.1
1033.0000 1033.1
1034.0000 1034.1
1035.0000 1035.1
1036.0000 1036.1
1037.0000 1037.1
1038.0000 1038.1
1039.0000 1039.1
1040.0000 1040.1
1041.0000 1041.1
1042.0000 1042.1
1043.0000 1043.1
1044.0000 1044.1
1045.0000 1045.1
1046.0000 1046.1
1047.0000 1047.1
1048.0000 1048.1
1049.0000 1049.1
1050.0000 1050.1
1051.0000 1051.1
1052.0000 1052.1
1053.0000 1053.1
1054.0000 1054.1
1055.0000 1055.1
1056.0000 1056.1
1057.0000 1057.1
1058.0000 1058.1
1059.0000 1059.1
1060.0000 1060.1
1061.0000 1061.1
1062.0000 1062.1
1063.0000 1063.1
1064.0000 1064.1
1065.0000 1065.1
1066.0000 1066.1
1067.0000 1067.1
1068.0000 1068.1
1069.0000 1069.1
1070.0000 1070.1
1071.0000 1071.1
1072.0000 1072.1
1073.0000 1073.1
1074.0000 1074.1
1075.0000 1075.1
1076.0000 1076.1
1077.0000 1077.1
1078.0000 1078.1
1079.0000 1079.1
1080.0000 1080.1
1081.0000 1081.1
1082.0000 1082.1
1083.0000 1083.1
1084.0000 1084.1
1085.0000 1085.1
1086.0000 1086.1
1087.0000 1087.1
1088.0000 1088.1
1089.0000 1089.1
1090.0000 1090.1
1091.0000 1091.1
1092.0000 1092.1
1093.0000 1093.1
1094.0000 1094.1
1095.0000 1095.1
1096.0000 1096.1
1097.0000 1097.1
1098.0000 1098.1
1099.0000 1099.1
1100.0000 1100.1
1101.0000 1101.1
1102.0000 1102.1
1103.0000 1103.1
1104.0000 1104.1
1105.0000 1105.1
1106.0000 1106.1
1107.0000 1107.1
1108.0000 1108.1
1109.0000 1109.1
1110.0000 1110.1
1111.0000 1111.1
1112.0000 1112.1
1113.0000 1113.1
1114.0000 1114.1
1115.0000 1115.1
1116.0000 1116.1
1117.0000 1117.1
1118.0000 1118.1
1119.0000 1119.1
1120.0000 1120.1
1121.0000 1121.1
1122.0000 1122.1
1123.0000 1123.1
1124.0000 1124.1
1125.0000 1125.1
1126.0000 1126.1
1127.0000 1127.1
1128.0000 1128.1
1129.0000 1129.1
1130.0000 1130.1
1131.0000 1131.1
1132.0000 1132.1
1133.0000 1133.1
1134.0000 1134.1
1135.0000 1135.1
1136.0000 1136.1
1137.0000 1137.1
1138.0000 1138.1
1139.0000 1139.1
1140.0000 1140.1
1141.0000 1141.1
1142.0000 1142.1
1143.0000 1143.1
1144.0000 1144.1
1145.0000 1145.1
1146.0000 1146.1
1147.0000 1147.1
1148.0000 1148.1
1149.0000 1149.1
1150.0000 1150.1
1151.0000 1151.1
1152.0000 1152.1
1153.0000 1153.1
1154.0000 1154.1
1155.0000 1155.1
1156.0000 1156.1
1157.0000 1157.1
1158.0000 1158.1
1159.0000 1159.1
1160.0000 1160.1
1161.0000 1161.1
1162.0000 1162.1
1163.0000 1163.1
1164.0000 1164.1
1165.0000 1165.1
1166.0000 1166.1
1167.0000 1167.1
1168.0000 1168.1
1169.0000 1169.1
1170.0000 1170.1
1171.0000 1171.1
1172.0000 1172.1
1173.0000 1173.1
1174.0000 1174.1
1175.0000 1175.1
1176.0000 1176.1
1177.0000 1177.1
1178.0000 1178.1
1179.0000 1179.1
1180.0000 1180.1
1181.0000 1181.1
1182.0000 1182.1
1183.0000 1183.1
1184.0000 1184.1
1185.0000 1185.1
1186.0000 1186.1
1187.0000 1187.1
1188.0000 1188.1
1189.0000 1189.1
1190.0000 1190.1
1191.0000 1191.1
1192.0000 1192.1
1193.0000 1193.1
1194.0000 1194.1
1195.0000 1195.1
1196.0000 1196.1
1197.0000 1197.1
1198.0000 1198.1
1199.0000 1199.1
1200.0000 1200.1
1201.0000 1201.1
1202.0000 1202.1
1203.0000 1203.1
1204.0000 1204.1
1205.0000 1205.1
1206.0000 1206.1
1207.0000 1207.1
1208.0000 1208.1
1209.0000 1209.1
1210.0000 1210.1
1211.0000 1211.1
1212.0000 1212.1
1213.0000 1213.1
1214.0000 1214.1
1215.0000 1215.1
1216.0000 1216.1
1217.0000 1217.1
1218.0000 1218.1
1219.0000 1219.1
1220.0000 1220.1
1221.0000 1221.1
1222.0000 1222.1
1223.0000 1223.1
1224.0000 1224.1
1225.0000 1225.1
1226.0000 1226.1
1227.0000 1227.1
1228.0000 1228.1
1229.0000 1229.1
1230.0000 1230.1
1231.0000 1231.1
1232.0000 1232.1
1233.0000 1233.1
1234.0000 1234.1
1235.0000 1235.1
1236.0000 1236.1
1237.0000 1237.1
1238.0000 1238.1
1239.0000 1239.1
1240.0000 1240.1
1241.0000 1241.1
1242.0000 1242.1
1243.0000 1243.1
1244.0000 1244.1
1245.0000 1245.1
1246.0000 1246.1
1247.0000 1247.1
1248.0000 1248.1
1249.0000 1249.1
1250.0000 1250.1
1251.0000 1251.1
1252.0000 1252.1
1253.0000 1253.1
1254.0000 1254.1
1255.0000 1255.1
1256.0000 1256.1
1257.0000 1257.1
1258.0000 1258.1
1259.0000 1259.1
1260.0000 1260.1
1261.0000 1261.1
1262.0000 1262.1
1263.0000 1263.1
1264.0000 1264.1
1265.0000 1265.1
1266.0000 1266.1
1267.0000 1267.1
1268.0000 1268.1
1269.0000 1269.1
1270.0000 1270.1
1271.0000 1271.1
1272.0000 1272.1
1273.0000 1273.1
1274.0000 1274.1
1275.0000 1275.1
1276.0000 1276.1
1277.0000 1277.1
1278.0000 1278.1
1279.0000 1279.1
1280.0000 1280.1
1281.0000 1281.1
1282.0000 1282.1
1283.0000 1283.1
1284.0000 1284.1
1285.0000 1285.1
1286.0000 1286.1
1287.0000 1287.1
1288.0000 1288.1
1289.0000 1289.1
1290.0000 1290.1
1291.0000 1291.1
1292.0000 1292.1
1293.0000 1293.1
1294.0000 1294.1
1295.0000 1295.1
1296.0000 1296.1
1297.0000 1297.1
1298.0000 1298.1
1299.0000 1299.1
1300.0000 1300.1
1301.0000 1301.1
1302.0000 1302.1
1303.0000 1303.1
1304.0000 1304.1
1305.0000 1305.1
1306.0000 1306.1
1307.0000 1307.1
1308.0000 1308.1
1309.0000 1309.1
1310.0000 1310.1
1311.0000 1311.1
1312.0000 1312.1
1313.0000 1313.1
1314.0000 1314.1
1315.0000 1315.1
1316.0000 1316.1
1317.0000 1317.1
1318.0000 1318.1
1319.0000 1319.1
1320.0000 1320.1
1321.0000 1321.1
1322.0000 1322.1
1323.0000 1323.1
1324.0000 1324.1
1325.0000 1325.1
1326.0000 1326.1
1327.0000 1327.1
1328.0000 1328.1
1329.0000 1329.1
1330.0000 1330.1
1331.0000 1331.1
1332.0000 1332.1
1333.0000 1333.1
1334.0000 1334.1
1335.0000 1335.1
1336.0000 1336.1
1337.0000 1337.1
1338.0000 1338.1
1339.0000 1339.1
1340.0000 1340.1
1341.0000 1341.1
1342.0000 1342.1
1343.0000 1343.1
1344.0000 1344.1
1345.0000 1345.1
1346.0000 1346.1
1347.0000 1347.1
1348.0000 1348.1
1349.0000 1349.1
1350.0000 1350.1
1351.0000 1351.1
1352.0000 1352.1
1353.0000 1353.1
1354.0000 1354.1
1355.0000 1355.1
1356.0000 1356.1
1357.0000 1357.1
1358.0000 1358.1
1359.0000 1359.1
1360.0000 1360.1
1361.0000 1361.1
1362.0000 1362.1
1363.0000 1363.1
1364.0000 1364.1
1365.0000 1365.1
1366.0000 1366.1
1367.0000 1367.1
1368.0000 1368.1
1369.0000 1369.1
1370.0000 1370.1
1371.0000 1371.1
1372.0000 1372.1
1373.0000 1373.1
1374.0000 1374.1
1375.0000 1375.1
1376.0000 1376.1
1377.0000 1377.1
1378.0000 1378.1
1379.0000 1379.1
1380.0000 1380.1
1381.0000 1381.1
1382.0000 1382.1
1383.0000 1383.1
1384.0000 1384.1
1385.0000 1385.1
1386.0000 1386.1
1387.0000 1387.0
1388.0000 1388.1
1389.0000 1389.1
1390.0000 1390.1
1391.0000 1391.1
1392.0000 1392.1
1393.0000 1393.1
1394.0000 1394.1
1395.0000 1395.1
1396.0000 1396.1
1397.0000 1397.1
1398.0000 1398.1
1399.0000 1399.1
1400.0000 1400.1
1401.0000 1401.1
1402.0000 1402.1
1403.0000 1403.0
1404.0000 1404.1
1405.0000 1405.1
1406.0000 1406.1
1407.0000 1407.1
1408.0000 1408.1
1409.0000 1409.1
1410.0000 1410.1
1411.0000 1411.1
1412.0000 1412.1
1413.0000 1413.1
1414.0000 1414.1
1415.0000 1415.1
1416.0000 1416.1
1417.0000 1417.1
1418.0000 1418.1
1419.0000 1419.0
1420.0000 1420.1
1421.0000 1421.1
1422.0000 1422.1
1423.0000 1423.1
1424.0000 1424.1
1425.0000 1425.1
1426.0000 1426.1
1427.0000 1427.1
1428.0000 1428.1
1429.0000 1429.0
1430.0000 1430.0
1431.0000 1431.0
1432.0000 1432.0
1433.0000 1433.0
1434.0000 1434.0
1435.0000 1435.0
1436.0000 1436.0
1437.0000 1437.0
1438.0000 1438.0
1439.0000 1439.0
1440.0000 1440.0
1441.0000 1441.0
1442.0000 1442.0
1443.0000 1443.0
1444.0000 1444.0
1445.0000 1445.0
1446.0000 1446.0
1447.0000 1447.0
1448.0000 1448.0
1449.0000 1449.0
1450.0000 1450.0
1451.0000 1451.0
1452.0000 1452.0
1453.0000 1453.0
1454.0000 1454.0
1455.0000 1455.0
1456.0000 1456.0
1457.0000 1457.0
1458.0000 1458.0
1459.0000 1459.0
1460.0000 1460.0
1461.0000 1461.0
1462.0000 1462.0
1463.0000 1463.0
1464.0000 1464.0
1465.0000 1465.0
1466.0000 1466.0
1467.0000 1467.0
1468.0000 1468.0
1469.0000 1469.0
1470.0000 1470.0
1471.0000 1471.0
1472.0000 1472.0
1473.0000 1473.0
1474.0000 1474.0
1475.0000 1475.0
1476.0000 1476.0
1477.0000 1477.0
1478.0000 1478.0
1479.0000 1479.0
1480.0000 1480.0
1481.0000 1481.0
1482.0000 1482.0
1483.0000 1483.0
1484.0000 1484.0
1485.0000 1485.0
1486.0000 1486.0
1487.0000 1487.0
1488.0000 1488.0
1489.0000 1489.0
1490.0000 1490.0
1491.0000 1491.0
1492.0000 1492.0
1493.0000 1493.0
1494.0000 1494.0
1495.0000 1495.0
1496.0000 1496.0
1497.0000 1497.0
1498.0000 1498.0
1499.0000 1499.0
1500.0000 1500.0
1501.0000 1501.0
1502.0000 1502.0
1503.0000 1503.0
1504.0000 1504.0
1505.0000 1505.0
1506.0000 1506.0
1507.0000 1507.0
1508.0000 1508.0
1509.0000 1509.0
1510.0000 1510.0
1511.0000 1511.0
1512.0000 1512.0
1513.0000 1513.0
1514.0000 1514.0
1515.0000 1515.0
1516.0000 1516.0
1517.0000 1517.0
1518.0000 1518.0
1519.0000 1519.0
1520.0000 1520.0
1521.0000 1521.0
1522.0000 1522.0
1523.0000 1523.0
1524.0000 1524.0
1525.0000 1525.0
1526.0000 1526.0
1527.0000 1527.0
1528.0000 1528.0
1529.0000 1529.0
1530.0000 1530.0
1531.0000 1531.0
1532.0000 1532.0
1533.0000 1533.0
1534.0000 1534.0
1535.0000 1535.0
1536.0000 1536.0
1537.0000 1537.0
1538.0000 1538.0
1539.0000 1539.0
1540.0000 1540.0
1541.0000 1541.0
1542.0000 1542.0
1543.0000 1543.0
1544.0000 1544.0
1545.0000 1545.0
1546.0000 1546.0
1547.0000 1547.0
1548.0000 1548.0
1549.0000 1549.0
1550.0000 1550.0
1551.0000 1551.0
1552.0000 1552.0
1553.0000 1553.0
1554.0000 1554.0
1555.0000 1555.0
1556.0000 1556.0
1557.0000 1557.0
1558.0000 1558.0
1559.0000 1559.0
1560.0000 1560.0
1561.0000 1561.0
1562.0000 1562.0
1563.0000 1563.0
1564.0000 1564.0
1565.0000 1565.0
1566.0000 1566.0
1567.0000 1567.0
1568.0000 1568.0
1569.0000 1569.0
1570.0000 1570.0
1571.0000 1571.0
1572.0000 1572.0
1573.0000 1573.0
1574.0000 1574.0
1575.0000 1575.0
1576.0000 1576.0
1577.0000 1577.0
1578.0000 1578.0
1579.0000 1579.0
1580.0000 1580.0
1581.0000 1581.0
1582.0000 1582.0
1583.0000 1583.0
1584.0000 1584.0
1585.0000 1585.0
1586.0000 1586.0
1587.0000 1587.0
1588.0000 1588.0
1589.0000 1589.0
1590.0000 1590.0
1591.0000 1591.0
1592.0000 1592.0
1593.0000 1593.0
1594.0000 1594.0
1595.0000 1595.0
1596.0000 1596.0
1597.0000 1597.0
1598.0000 1598.0
1599.0000 1599.0
1600.0000 1600.0
1601.0000 1601.0
1602.0000 1602.0
1603.0000 1603.0
1604.0000 1604.0
1605.0000 1605.0
1606.0000 1606.0
1607.0000 1607.0
1608.0000 1608.0
1609.0000 1609.0
1610.0000 1610.0
1611.0000 1611.0
1612.0000 1612.0
1613.0000 1613.0
1614.0000 1614.0
1615.0000 1615.0
1616.0000 1616.0
1617.0000 1617.0
1618.0000 1618.0
1619.0000 1619.0
1620.0000 1620.0
1621.0000 1621.0
1622.0000 1622.0
1623.0000 1623.0
1624.0000 1624.0
1625.0000 1625.0
1626.0000 1626.0
1627.0000 1627.0
1628.0000 1628.0
1629.0000 1629.0
1630.0000 1630.0
1631.0000 1631.0
1632.0000 1632.0
1633.0000 1633.0
1634.0000 1634.0
1635.0000 1635.0
1636.0000 1636.0
1637.0000 1637.0
1638.0000 1638.0
1639.0000 1639.0
1640.0000 1640.0
1641.0000 1641.0
1642.0000 1642.0
1643.0000 1643.0
1644.0000 1644.0
1645.0000 1645.0
1646.0000 1646.0
1647.0000 1647.0
1648.0000 1648.0
1649.0000 1649.0
1650.0000 1650.0
1651.0000 1651.0
1652.0000 1652.0
1653.0000 1653.0
1654.0000 1654.0
1655.0000 1655.0
1656.0000 1656.0
1657.0000 1657.0
1658.0000 1658.0
1659.0000 1659.0
1660.0000 1660.0
1661.0000 1661.0
1662.0000 1662.0
1663.0000 1663.0
1664.0000 1664.0
1665.0000 1665.0
1666.0000 1666.0
1667.0000 1667.0
1668.0000 1668.0
1669.0000 1669.0
1670.0000 1670.0
1671.0000 1671.0
1672.0000 1672.0
1673.0000 1673.0
1674.0000 1674.0
1675.0000 1675.0
1676.0000 1676.0
1677.0000 1677.0
1678.0000 1678.0
1679.0000 1679.0
1680.0000 1680.0
1681.0000 1681.0
1682.0000 1682.0
1683.0000 1683.0
1684.0000 1684.0
1685.0000 1685.0
1686.0000 1686.0
1687.0000 1687.0
1688.0000 1688.0
1689.0000 1689.0
1690.0000 1690.0
1691.0000 1691.0
1692.0000 1692.0
1693.0000 1693.0
1694.0000 1694.0
1695.0000 1695.0
1696.0000 1696.0
1697.0000 1697.0
1698.0000 1698.0
1699.0000 1699.0
1700.0000 1700.0
1701.0000 1701.0
1702.0000 1702.0
1703.0000 1703.0
1704.0000 1704.0
1705.0000 1705.0
1706.0000 1706.0
1707.0000 1707.0
1708.0000 1708.0
1709.0000 1709.0
1710.0000 1710.0
1711.0000 1711.0
1712.0000 1712.0
1713.0000 1713.0
1714.0000 1714.0
1715.0000 1715.0
1716.0000 1716.0
1717.0000 1717.0
1718.0000 1718.0
1719.0000 1719.0
1720.0000 1720.0
1721.0000 1721.0
1722.0000 1722.0
1723.0000 1723.0
1724.0000 1724.0
1725.0000 1725.0
1726.0000 1726.0
1727.0000 1727.0
1728.0000 1728.0
1729.0000 1729.0
1730.0000 1730.0
1731.0000 1731.0
1732.0000 1732.0
1733.0000 1733.0
1734.0000 1734.0
1735.0000 1735.0
1736.0000 1736.0
1737.0000 1737.0
1738.0000 1738.0
1739.0000 1739.0
1740.0000 1740.0
1741.0000 1741.0
1742.0000 1742.0
1743.0000 1743.0
1744.0000 1744.0
1745.0000 1745.0
1746.0000 1746.0
1747.0000 1747.0
1748.0000 1748.0
1749.0000 1749.0
1750.0000 1750.0
1751.0000 1751.0
1752.0000 1752.0
1753.0000 1753.0
1754.0000 1754.0
1755.0000 1755.0
1756.0000 1756.0
1757.0000 1757.0
1758.0000 1758.0
1759.0000 1759.0
1760.0000 1760.0
1761.0000 1761.0
1762.0000 1762.0
1763.0000 1763.0
1764.0000 1764.0
1765.0000 1765.0
1766.0000 1766.0
1767.0000 1767.0
1768.0000 1768.0
1769.0000 1769.0
1770.0000 1770.0
1771.0000 1771.0
1772.0000 1772.0
1773.0000 1773.0
1774.0000 1774.0
1775.0000 1775.0
1776.0000 1776.0
1777.0000 1777.0
1778.0000 1778.0
1779.0000 1779.0
1780.0000 1780.0
1781.0000 1781.0
1782.0000 1782.0
1783.0000 1783.0
1784.0000 1784.0
1785.0000 1785.0
1786.0000 1786.0
1787.0000 1787.0
1788.0000 1788.0
1789.0000 1789.0
1790.0000 1790.0
1791.0000 1791.0
1792.0000 1792.0
1793.0000 1793.0
1794.0000 1794.0
1795.0000 1795.0
1796.0000 1796.0
1797.0000 1797.0
1798.0000 1798.0
1799.0000 1799.0
1800.0000 1800.0
1801.0000 1801.0
1802.0000 1802.0
1803.0000 1803.0
1804.0000 1804.0
1805.0000 1805.0
1806.0000 1806.0
1807.0000 1807.0
1808.0000 1808.0
1809.0000 1809.0
1810.0000 1810.0
1811.0000 1811.0
1812.0000 1812.0
1813.0000 1813.0
1814.0000 1814.0
1815.0000 1815.0
1816.0000 1816.0
1817.0000 1817.0
1818.0000 1818.0
1819.0000 1819.0
1820.0000 1820.0
1821.0000 1821.0
1822.0000 1822.0
1823.0000 1823.0
1824.0000 1824.0
1825.0000 1825.0
1826.0000 1826.0
1827.0000 1827.0
1828.0000 1828.0
1829.0000 1829.0
1830.0000 1830.0
1831.0000 1831.0
1832.0000 1832.0
1833.0000 1833.0
1834.0000 1834.0
1835.0000 1835.0
1836.0000 1836.0
1837.0000 1837.0
1838.0000 1838.0
1839.0000 1839.0
1840.0000 1840.0
1841.0000 1841.0
1842.0000 1842.0
1843.0000 1843.0
1844.0000 1844.0
1845.0000 1845.0
1846.0000 1846.0
1847.0000 1847.0
1848.0000 1848.0
1849.0000 1849.0
1850.0000 1850.0
1851.0000 1851.0
1852.0000 1852.0
1853.0000 1853.0
1854.0000 1854.0
1855.0000 1855.0
1856.0000 1856.0
1857.0000 1857.0
1858.0000 1858.0
1859.0000 1859.0
1860.0000 1860.0
1861.0000 1861.0
1862.0000 1862.0
1863.0000 1863.0
1864.0000 1864.0
1865.0000 1865.0
1866.0000 1866.0
1867.0000 1867.0
1868.0000 1868.0
1869.0000 1869.0
1870.0000 1870.0
1871.0000 1871.0
1872.0000 1872.0
1873.0000 1873.0
1874.0000 1874.0
1875.0000 1875.0
1876.0000 1876.0
1877.0000 1877.0
1878.0000 1878.0
1879.0000 1879.0
1880.0000 1880.0
1881.0000 1881.0
1882.0000 1882.0
1883.0000 1883.0
1884.0000 1884.0
1885.0000 1885.0
1886.0000 1886.0
1887.0000 1887.0
1888.0000 1888.0
1889.0000 1889.0
1890.0000 1890.0
1891.0000 1891.0
1892.0000 1892.0
1893.0000 1893.0
1894.0000 1894.0
1895.0000 1895.0
1896.0000 1896.0
1897.0000 1897.0
1898.0000 1898.0
1899.0000 1899.0
1900.0000 1900.0
1901.0000 1901.0
1902.0000 1902.0
1903.0000 1903.0
1904.0000 1904.0
1905.0000 1905.0
1906.0000 1906.0
1907.0000 1907.0
1908.0000 1908.0
1909.0000 1909.0
1910.0000 1910.0
1911.0000 1911.0
1912.0000 1911.9
1913.0000 1912.9
1914.0000 1913.9
1915.0000 1914.9
1916.0000 1915.9
1917.0000 1916.9
1918.0000 1917.9
1919.0000 1918.9
1920.0000 1919.9
1921.0000 1920.9
1922.0000 1921.9
1923.0000 1922.9
1924.0000 1923.9
1925.0000 1924.9
1926.0000 1925.9
1927.0000 1926.9
1928.0000 1927.9
1929.0000 1928.9
1930.0000 1929.9
1931.0000 1930.9
1932.0000 1931.9
1933.0000 1932.9
1934.0000 1933.9
1935.0000 1934.9
1936.0000 1935.9
1937.0000 1936.9
1938.0000 1937.9
1939.0000 1938.9
1940.0000 1939.9
1941.0000 1940.9
1942.0000 1941.9
1943.0000 1942.9
1944.0000 1943.9
1945.0000 1944.9
1946.0000 1945.9
1947.0000 1946.9
1948.0000 1947.9
1949.0000 1948.9
1950.0000 1949.9
1951.0000 1950.9
1952.0000 1951.9
1953.0000 1952.9
1954.0000 1953.9
1955.0000 1954.9
1956.0000 1955.9
1957.0000 1956.9
1958.0000 1957.9
1959.0000 1958.9
1960.0000 1959.9
1961.0000 1960.9
1962.0000 1961.9
1963.0000 1962.9
1964.0000 1963.9
1965.0000 1964.9
1966.0000 1965.9
1967.0000 1966.9
1968.0000 1967.9
1969.0000 1968.9
1970.0000 1969.9
1971.0000 1970.9
1972.0000 1971.9
1973.0000 1972.9
1974.0000 1973.9
1975.0000 1974.9
1976.0000 1975.9
1977.0000 1976.9
1978.0000 1977.9
1979.0000 1978.9
1980.0000 1979.9
1981.0000 1980.9
1982.0000 1981.9
1983.0000 1982.9
1984.0000 1983.9
1985.0000 1984.9
1986.0000 1985.9
1987.0000 1986.9
1988.0000 1987.9
1989.0000 1988.9
1990.0000 1989.9
1991.0000 1990.9
1992.0000 1991.9
1993.0000 1992.9
1994.0000 1993.9
1995.0000 1994.9
1996.0000 1995.9
1997.0000 1996.9
1998.0000 1997.9
1999.0000 1998.9
2000.0000 1999.9
2001.0000 2000.9
2002.0000 2001.9
2003.0000 2002.9
2004.0000 2003.9
2005.0000 2004.9
2006.0000 2005.9
2007.0000 2006.9
2008.0000 2007.9
2009.0000 2008.9
2010.0000 2009.9
2011.0000 2010.9
2012.0000 2011.9
2013.0000 2012.9
2014.0000 2013.9
2015.0000 2014.9
2016.0000 2015.9
2017.0000 2016.9
2018.0000 2017.9
2019.0000 2018.9
2020.0000 2019.9
2021.0000 2020.9
2022.0000 2021.9
2023.0000 2022.9
2024.0000 2023.9
2025.0000 2024.9
2026.0000 2025.9
2027.0000 2026.9
2028.0000 2027.9
2029.0000 2028.9
2030.0000 2029.9
2031.0000 2030.9
2032.0000 2031.9
2033.0000 2032.9
2034.0000 2033.9
2035.0000 2034.9
2036.0000 2035.9
2037.0000 2036.9
2038.0000 2037.9
2039.0000 2038.9
2040.0000 2039.9
2041.0000 2040.9
2042.0000 2041.9
2043.0000 2042.9
2044.0000 2043.9
2045.0000 2044.9
2046.0000 2045.9
2047.0000 2046.9
2048.0000 2047.9
2049.0000 2048.9
2050.0000 2049.9
2051.0000 2050.9
2052.0000 2051.9
2053.0000 2052.9
2054.0000 2053.9
2055.0000 2054.9
2056.0000 2055.9
2057.0000 2056.9
2058.0000 2057.9
2059.0000 2058.9
2060.0000 2059.9
2061.0000 2060.9
2062.0000 2061.9
2063.0000 2062.9
2064.0000 2063.9
2065.0000 2064.9
2066.0000 2065.8
2067.0000 2066.8
2068.0000 2067.8
2069.0000 2068.8
2070.0000 2069.8
2071.0000 2070.8
2072.0000 2071.8
2073.0000 2072.8
2074.0000 2073.8
2075.0000 2074.8
2076.0000 2075.8
2077.0000 2076.8
2078.0000 2077.8
2079.0000 2078.8
2080.0000 2079.8
2081.0000 2080.8
2082.0000 2081.8
2083.0000 2082.8
2084.0000 2083.8
2085.0000 2084.8
2086.0000 2085.8
2087.0000 2086.8
2088.0000 2087.8
2089.0000 2088.8
2090.0000 2089.8
2091.0000 2090.8
2092.0000 2091.8
2093.0000 2092.8
2094.0000 2093.8
2095.0000 2094.8
2096.0000 2095.8
2097.0000 2096.8
2098.0000 2097.8
2099.0000 2098.8
2100.0000 2099.8
2101.0000 2100.8
2102.0000 2101.8
2103.0000 2102.8
2104.0000 2103.8
2105.0000 2104.8
2106.0000 2105.8
2107.0000 2106.8
2108.0000 2107.8
2109.0000 2108.8
2110.0000 2109.8
2111.0000 2110.8
2112.0000 2111.8
2113.0000 2112.8
2114.0000 2113.8
2115.0000 2114.8
2116.0000 2115.8
2117.0000 2116.8
2118.0000 2117.8
2119.0000 2118.8
2120.0000 2119.8
2121.0000 2120.8
2122.0000 2121.8
2123.0000 2122.8
2124.0000 2123.8
2125.0000 2124.8
2126.0000 2125.8
2127.0000 2126.8
2128.0000 2127.8
2129.0000 2128.8
2130.0000 2129.8
2131.0000 2130.8
2132.0000 2131.8
2133.0000 2132.8
2134.0000 2133.8
2135.0000 2134.8
2136.0000 2135.8
2137.0000 2136.8
2138.0000 2137.8
2139.0000 2138.8
2140.0000 2139.8
2141.0000 2140.8
2142.0000 2141.8
2143.0000 2142.8
2144.0000 2143.8
2145.0000 2144.8
2146.0000 2145.8
2147.0000 2146.8
2148.0000 2147.8
2149.0000 2148.8
2150.0000 2149.8
2151.0000 2150.8
2152.0000 2151.8
2153.0000 2152.8
2154.0000 2153.8
2155.0000 2154.8
2156.0000 2155.8
2157.0000 2156.8
2158.0000 2157.8
2159.0000 2158.8
2160.0000 2159.8
2161.0000 2160.8
2162.0000 2161.8
2163.0000 2162.8
2164.0000 2163.8
2165.0000 2164.8
2166.0000 2165.8
2167.0000 2166.8
2168.0000 2167.8
2169.0000 2168.8
2170.0000 2169.8
2171.0000 2170.8
2172.0000 2171.8
2173.0000 2172.8
2174.0000 2173.8
2175.0000 2174.8
2176.0000 2175.8
2177.0000 2176.8
2178.0000 2177.8
2179.0000 2178.8
2180.0000 2179.8
2181.0000 2180.8
2182.0000 2181.8
2183.0000 2182.8
2184.0000 2183.8
2185.0000 2184.8
2186.0000 2185.8
2187.0000 2186.8
2188.0000 2187.8
2189.0000 2188.8
2190.0000 2189.8
2191.0000 2190.8
2192.0000 2191.8
2193.0000 2192.8
2194.0000 2193.8
2195.0000 2194.8
2196.0000 2195.8
2197.0000 2196.8
2198.0000 2197.8
2199.0000 2198.8
2200.0000 2199.8
2201.0000 2200.8
2202.0000 2201.8
2203.0000 2202.8
2204.0000 2203.8
2205.0000 2204.8
2206.0000 2205.8
2207.0000 2206.8
2208.0000 2207.8
2209.0000 2208.8
2210.0000 2209.8
2211.0000 2210.8
2212.0000 2211.8
2213.0000 2212.8
2214.0000 2213.8
2215.0000 2214.8
2216.0000 2215.8
2217.0000 2216.8
2218.0000 2217.8
2219.0000 2218.8
2220.0000 2219.8
2221.0000 2220.8
2222.0000 2221.8
2223.0000 2222.8
2224.0000 2223.8
2225.0000 2224.8
2226.0000 2225.8
2227.0000 2226.8
2228.0000 2227.8
2229.0000 2228.8
2230.0000 2229.8
2231.0000 2230.8
2232.0000 2231.8
2233.0000 2232.8
2234.0000 2233.8
2235.0000 2234.8
2236.0000 2235.8
2237.0000 2236.8
2238.0000 2237.8
2239.0000 2238.8
2240.0000 2239.8
2241.0000 2240.8
2242.0000 2241.8
2243.0000 2242.8
2244.0000 2243.8
2245.0000 2244.8
2246.0000 2245.8
2247.0000 2246.8
2248.0000 2247.8
2249.0000 2248.8
2250.0000 2249.8
2251.0000 2250.8
2252.0000 2251.8
2253.0000 2252.8
2254.0000 2253.8
2255.0000 2254.8
2256.0000 2255.8
2257.0000 2256.8
2258.0000 2257.8
2259.0000 2258.8
2260.0000 2259.8
2261.0000 2260.8
2262.0000 2261.8
2263.0000 2262.8
2264.0000 2263.8
2265.0000 2264.8
2266.0000 2265.8
2267.0000 2266.8
2268.0000 2267.8
2269.0000 2268.8
2270.0000 2269.8
2271.0000 2270.8
2272.0000 2271.8
2273.0000 2272.8
2274.0000 2273.8
2275.0000 2274.8
2276.0000 2275.8
2277.0000 2276.8
2278.0000 2277.8
2279.0000 2278.8
2280.0000 2279.8
2281.0000 2280.8
2282.0000 2281.8
2283.0000 2282.8
2284.0000 2283.8
2285.0000 2284.8
2286.0000 2285.8
2287.0000 2286.8
2288.0000 2287.8
2289.0000 2288.8
2290.0000 2289.8
2291.0000 2290.8
2292.0000 2291.8
2293.0000 2292.8
2294.0000 2293.8
2295.0000 2294.8
2296.0000 2295.8
2297.0000 2296.8
2298.0000 2297.8
2299.0000 2298.8
2300.0000 2299.8
2301.0000 2300.8
2302.0000 2301.8
2303.0000 2302.8
2304.0000 2303.8
2305.0000 2304.8
2306.0000 2305.8
2307.0000 2306.8
2308.0000 2307.8
2309.0000 2308.8
2310.0000 2309.8
2311.0000 2310.8
2312.0000 2311.8
2313.0000 2312.8
2314.0000 2313.8
2315.0000 2314.8
2316.0000 2315.8
2317.0000 2316.8
2318.0000 2317.8
2319.0000 2318.8
2320.0000 2319.8
2321.0000 2320.8
2322.0000 2321.8
2323.0000 2322.8
2324.0000 2323.8
2325.0000 2324.8
2326.0000 2325.8
2327.0000 2326.8
2328.0000 2327.8
2329.0000 2328.8
2330.0000 2329.8
2331.0000 2330.8
2332.0000 2331.8
2333.0000 2332.8
2334.0000 2333.8
2335.0000 2334.8
2336.0000 2335.8
2337.0000 2336.8
2338.0000 2337.8
2339.0000 2338.8
2340.0000 2339.8
2341.0000 2340.8
2342.0000 2341.8
2343.0000 2342.8
2344.0000 2343.8
2345.0000 2344.8
2346.0000 2345.8
2347.0000 2346.8
2348.0000 2347.8
2349.0000 2348.8
2350.0000 2349.8
2351.0000 2350.8
2352.0000 2351.8
2353.0000 2352.8
2354.0000 2353.8
2355.0000 2354.8
2356.0000 2355.8
2357.0000 2356.8
2358.0000 2357.8
2359.0000 2358.8
2360.0000 2359.8
2361.0000 2360.8
2362.0000 2361.8
2363.0000 2362.8
2364.0000 2363.8
2365.0000 2364.8
2366.0000 2365.8
2367.0000 2366.8
2368.0000 2367.8
2369.0000 2368.8
2370.0000 2369.8
2371.0000 2370.8
2372.0000 2371.8
2373.0000 2372.8
2374.0000 2373.8
2375.0000 2374.8
2376.0000 2375.8
2377.0000 2376.8
2378.0000 2377.8
2379.0000 2378.8
2380.0000 2379.8
2381.0000 2380.8
2382.0000 2381.8
2383.0000 2382.8
2384.0000 2383.8
2385.0000 2384.8
2386.0000 2385.8
2387.0000 2386.8
2388.0000 2387.8
2389.0000 2388.8
2390.0000 2389.8
2391.0000 2390.8
2392.0000 2391.8
2393.0000 2392.8
2394.0000 2393.8
2395.0000 2394.8
2396.0000 2395.8
2397.0000 2396.8
2398.0000 2397.8
2399.0000 2398.8
2400.0000 2399.8
2401.0000 2400.8
2402.0000 2401.8
2403.0000 2402.8
2404.0000 2403.8
2405.0000 2404.8
2406.0000 2405.8
2407.0000 2406.8
2408.0000 2407.8
2409.0000 2408.8
2410.0000 2409.8
2411.0000 2410.8
2412.0000 2411.8
2413.0000 2412.8
2414.0000 2413.8
2415.0000 2414.8
2416.0000 2415.8
2417.0000 2416.8
2418.0000 2417.8
2419.0000 2418.8
2420.0000 2419.8
2421.0000 2420.8
2422.0000 2421.8
2423.0000 2422.8
2424.0000 2423.8
2425.0000 2424.8
2426.0000 2425.8
2427.0000 2426.8
2428.0000 2427.8
2429.0000 2428.8
2430.0000 2429.8
2431.0000 2430.8
2432.0000 2431.8
2433.0000 2432.8
2434.0000 2433.8
2435.0000 2434.8
2436.0000 2435.8
2437.0000 2436.8
2438.0000 2437.8
2439.0000 2438.8
2440.0000 2439.8
2441.0000 2440.8
2442.0000 2441.8
2443.0000 2442.8
2444.0000 2443.8
2445.0000 2444.8
2446.0000 2445.8
2447.0000 2446.8
2448.0000 2447.8
2449.0000 2448.8
2450.0000 2449.8
2451.0000 2450.8
2452.0000 2451.8
2453.0000 2452.8
2454.0000 2453.8
2455.0000 2454.8
2456.0000 2455.8
2457.0000 2456.8
2458.0000 2457.8
2459.0000 2458.8
2460.0000 2459.8
2461.0000 2460.8
2462.0000 2461.8
2463.0000 2462.8
2464.0000 2463.8
2465.0000 2464.8
2466.0000 2465.8
2467.0000 2466.8
2468.0000 2467.8
2469.0000 2468.8
2470.0000 2469.8
2471.0000 2470.8
2472.0000 2471.8
2473.0000 2472.8
2474.0000 2473.8
2475.0000 2474.8
2476.0000 2475.8
2477.0000 2476.8
2478.0000 2477.8
2479.0000 2478.8
2480.0000 2479.8
2481.0000 2480.8
2482.0000 2481.8
2483.0000 2482.8
2484.0000 2483.8
2485.0000 2484.8
2486.0000 2485.8
2487.0000 2486.8
2488.0000 2487.8
2489.0000 2488.8
2490.0000 2489.8
2491.0000 2490.8
2492.0000 2491.8
2493.0000 2492.8
2494.0000 2493.8
2495.0000 2494.8
2496.0000 2495.8
2497.0000 2496.8
2498.0000 2497.8
2499.0000 2498.8
2500.0000 2499.8
2501.0000 2500.8
2502.0000 2501.8
2503.0000 2502.8
2504.0000 2503.8
2505.0000 2504.8
2506.0000 2505.8
2507.0000 2506.8
2508.0000 2507.8
2509.0000 2508.8
2510.0000 2509.8
2511.0000 2510.8
2512.0000 2511.8
2513.0000 2512.8
2514.0000 2513.8
2515.0000 2514.8
2516.0000 2515.8
2517.0000 2516.8
2518.0000 2517.8
2519.0000 2518.8
2520.0000 2519.8
2521.0000 2520.8
2522.0000 2521.8
2523.0000 2522.8
2524.0000 2523.8
2525.0000 2524.8
2526.0000 2525.8
2527.0000 2526.8
2528.0000 2527.8
2529.0000 2528.8
2530.0000 2529.8
2531.0000 2530.8
2532.0000 2531.8
2533.0000 2532.8
2534.0000 2533.8
2535.0000 2534.8
2536.0000 2535.8
2537.0000 2536.8
2538.0000 2537.8
2539.0000 2538.8
2540.0000 2539.8
2541.0000 2540.8
2542.0000 2541.8
2543.0000 2542.8
2544.0000 2543.8
2545.0000 2544.8
2546.0000 2545.8
2547.0000 2546.8
2548.0000 2547.8
2549.0000 2548.8
2550.0000 2549.8
2551.0000 2550.8
2552.0000 2551.8
2553.0000 2552.8
2554.0000 2553.8
2555.0000 2554.8
2556.0000 2555.8
2557.0000 2556.8
2558.0000 2557.8
2559.0000 2558.8
2560.0000 2559.8
2561.0000 2560.8
2562.0000 2561.8
2563.0000 2562.8
2564.0000 2563.8
2565.0000 2564.8
2566.0000 2565.8
2567.0000 2566.8
2568.0000 2567.8
2569.0000 2568.8
2570.0000 2569.8
2571.0000 2570.8
2572.0000 2571.8
2573.0000 2572.8
2574.0000 2573.8
2575.0000 2574.8
2576.0000 2575.8
2577.0000 2576.8
2578.0000 2577.8
2579.0000 2578.8
2580.0000 2579.8
2581.0000 2580.8
2582.0000 2581.8
2583.0000 2582.8
2584.0000 2583.8
2585.0000 2584.8
2586.0000 2585.8
2587.0000 2586.8
2588.0000 2587.8
2589.0000 2588.8
2590.0000 2589.8
2591.0000 2590.8
2592.0000 2591.8
2593.0000 2592.8
2594.0000 2593.8
2595.0000 2594.8
2596.0000 2595.8
2597.0000 2596.8
2598.0000 2597.8
2599.0000 2598.8
2600.0000 2599.8
2601.0000 2600.8
2602.0000 2601.8
2603.0000 2602.8
2604.0000 2603.8
2605.0000 2604.8
2606.0000 2605.8
2607.0000 2606.8
2608.0000 2607.8
2609.0000 2608.8
2610.0000 2609.8
2611.0000 2610.8
2612.0000 2611.8
2613.0000 2612.8
2614.0000 2613.8
2615.0000 2614.8
2616.0000 2615.8
2617.0000 2616.8
2618.0000 2617.8
2619.0000 2618.8
2620.0000 2619.8
2621.0000 2620.8
2622.0000 2621.8
2623.0000 2622.8
2624.0000 2623.8
2625.0000 2624.8
2626.0000 2625.8
2627.0000 2626.8
2628.0000 2627.8
2629.0000 2628.8
2630.0000 2629.8
2631.0000 2630.8
2632.0000 2631.8
2633.0000 2632.8
2634.0000 2633.8
2635.0000 2634.8
2636.0000 2635.8
2637.0000 2636.8
2638.0000 2637.8
2639.0000 2638.8
2640.0000 2639.8
2641.0000 2640.8
2642.0000 2641.8
2643.0000 2642.8
2644.0000 2643.8
2645.0000 2644.8
2646.0000 2645.8
2647.0000 2646.8
2648.0000 2647.8
2649.0000 2648.8
2650.0000 2649.8
2651.0000 2650.8
2652.0000 2651.8
2653.0000 2652.8
2654.0000 2653.8
2655.0000 2654.8
2656.0000 2655.8
2657.0000 2656.8
2658.0000 2657.8
2659.0000 2658.8
2660.0000 2659.8
2661.0000 2660.8
2662.0000 2661.8
2663.0000 2662.8
2664.0000 2663.8
2665.0000 2664.8
2666.0000 2665.8
2667.0000 2666.8
2668.0000 2667.8
2669.0000 2668.8
2670.0000 2669.8
2671.0000 2670.8
2672.0000 2671.8
2673.0000 2672.8
2674.0000 2673.8
2675.0000 2674.8
2676.0000 2675.8
2677.0000 2676.8
2678.0000 2677.8
2679.0000 2678.8
2680.0000 2679.8
2681.0000 2680.8
2682.0000 2681.8
2683.0000 2682.8
2684.0000 2683.8
2685.0000 2684.8
2686.0000 2685.8
2687.0000 2686.8
2688.0000 2687.8
2689.0000 2688.8
2690.0000 2689.8
2691.0000 2690.8
2692.0000 2691.8
2693.0000 2692.8
2694.0000 2693.8
2695.0000 2694.8
2696.0000 2695.8
2697.0000 2696.8
2698.0000 2697.8
2699.0000 2698.8
2700.0000 2699.8
2701.0000 2700.8
2702.0000 2701.8
2703.0000 2702.8
2704.0000 2703.8
2705.0000 2704.8
2706.0000 2705.8
2707.0000 2706.8
2708.0000 2707.8
2709.0000 2708.8
2710.0000 2709.8
2711.0000 2710.8
2712.0000 2711.8
2713.0000 2712.8
2714.0000 2713.8
2715.0000 2714.8
2716.0000 2715.8
2717.0000 2716.8
2718.0000 2717.8
2719.0000 2718.8
2720.0000 2719.8
2721.0000 2720.8
2722.0000 2721.8
2723.0000 2722.8
2724.0000 2723.8
2725.0000 2724.8
2726.0000 2725.8
2727.0000 2726.8
2728.0000 2727.8
2729.0000 2728.8
2730.0000 2729.8
2731.0000 2730.8
2732.0000 2731.8
2733.0000 2732.8
2734.0000 2733.8
2735.0000 2734.8
2736.0000 2735.8
2737.0000 2736.8
2738.0000 2737.8
2739.0000 2738.8
2740.0000 2739.8
2741.0000 2740.8
2742.0000 2741.8
2743.0000 2742.8
2744.0000 2743.8
2745.0000 2744.8
2746.0000 2745.8
2747.0000 2746.8
2748.0000 2747.8
2749.0000 2748.8
2750.0000 2749.8
2751.0000 2750.8
2752.0000 2751.8
2753.0000 2752.8
2754.0000 2753.8
2755.0000 2754.8
2756.0000 2755.8
2757.0000 2756.8
2758.0000 2757.8
2759.0000 2758.8
2760.0000 2759.8
2761.0000 2760.8
2762.0000 2761.8
2763.0000 2762.8
2764.0000 2763.8
2765.0000 2764.8
2766.0000 2765.8
2767.0000 2766.8
2768.0000 2767.8
2769.0000 2768.8
2770.0000 2769.8
2771.0000 2770.8
2772.0000 2771.8
2773.0000 2772.8
2774.0000 2773.8
2775.0000 2774.8
2776.0000 2775.8
2777.0000 2776.8
2778.0000 2777.8
2779.0000 2778.8
2780.0000 2779.8
2781.0000 2780.8
2782.0000 2781.8
2783.0000 2782.8
2784.0000 2783.8
2785.0000 2784.8
2786.0000 2785.8
2787.0000 2786.8
2788.0000 2787.8
2789.0000 2788.8
2790.0000 2789.8
2791.0000 2790.8
2792.0000 2791.8
2793.0000 2792.8
2794.0000 2793.8
2795.0000 2794.8
2796.0000 2795.8
2797.0000 2796.8
2798.0000 2797.8
2799.0000 2798.8
2800.0000 2799.8
2801.0000 2800.8
2802.0000 2801.8
2803.0000 2802.8
